// MilkShape 3D ASCII

Frames: 30
Frame: 1

Meshes: 2
"Box04" 1 0
20
1 -5.000000 5.000000 5.000000 0.000000 0.000000 -1
1 -5.000000 -5.000000 5.000000 0.000000 1.000000 -1
1 5.000000 5.000000 5.000000 1.000000 0.000000 -1
1 5.000000 -5.000000 5.000000 1.000000 1.000000 -1
1 5.000000 5.000000 5.000000 0.000000 0.000000 -1
1 5.000000 -5.000000 5.000000 0.000000 1.000000 -1
1 5.000000 5.000000 -5.000000 1.000000 0.000000 -1
1 5.000000 -5.000000 -5.000000 1.000000 1.000000 -1
1 5.000000 5.000000 -5.000000 0.000000 0.000000 -1
1 5.000000 -5.000000 -5.000000 0.000000 1.000000 -1
1 -5.000000 5.000000 -5.000000 1.000000 0.000000 -1
1 -5.000000 -5.000000 -5.000000 1.000000 1.000000 -1
1 -5.000000 5.000000 -5.000000 0.000000 0.000000 -1
1 -5.000000 -5.000000 -5.000000 0.000000 1.000000 -1
1 -5.000000 5.000000 5.000000 1.000000 0.000000 -1
1 -5.000000 -5.000000 5.000000 1.000000 1.000000 -1
1 -5.000000 5.000000 5.000000 0.000000 1.000000 -1
1 5.000000 5.000000 5.000000 1.000000 1.000000 -1
1 -5.000000 -5.000000 5.000000 0.000000 0.000000 -1
1 5.000000 -5.000000 5.000000 1.000000 0.000000 -1
6
0.000000 0.000000 1.000000
1.000000 0.000000 0.000000
0.000000 0.000000 -1.000000
-1.000000 0.000000 0.000000
0.000000 1.000000 0.000000
0.000000 -1.000000 0.000000
12
1 0 1 2 0 0 0 1
1 1 3 2 0 0 0 1
1 4 5 6 1 1 1 2
1 5 7 6 1 1 1 2
1 8 9 10 2 2 2 1
1 9 11 10 2 2 2 1
1 12 13 14 3 3 3 2
1 13 15 14 3 3 3 2
1 12 16 6 4 4 4 3
1 16 17 6 4 4 4 3
1 18 13 19 5 5 5 3
1 13 7 19 5 5 5 3
"Box06" 1 0
20
1 -0.000002 8.660226 -0.039947 0.000000 0.000000 -1
1 -7.071102 2.867900 -4.095772 0.000000 1.000000 -1
1 -0.000001 2.924422 8.151581 1.000000 0.000000 -1
1 -7.071102 -2.867902 4.095760 1.000000 1.000000 -1
1 -0.000001 2.924422 8.151581 0.000000 0.000000 -1
1 -7.071102 -2.867902 4.095760 0.000000 1.000000 -1
1 7.071102 -2.867901 4.095757 1.000000 0.000000 -1
1 -0.000004 -8.660218 0.039954 1.000000 1.000000 -1
1 7.071102 -2.867901 4.095757 0.000000 0.000000 -1
1 -0.000004 -8.660218 0.039954 0.000000 1.000000 -1
1 7.071105 2.867901 -4.095770 1.000000 0.000000 -1
1 -0.000003 -2.924419 -8.151572 1.000000 1.000000 -1
1 7.071105 2.867901 -4.095770 0.000000 0.000000 -1
1 -0.000003 -2.924419 -8.151572 0.000000 1.000000 -1
1 -0.000002 8.660226 -0.039947 1.000000 0.000000 -1
1 -7.071102 2.867900 -4.095772 1.000000 1.000000 -1
1 -0.000002 8.660226 -0.039947 0.000000 1.000000 -1
1 -0.000001 2.924422 8.151581 1.000000 1.000000 -1
1 -7.071102 2.867900 -4.095772 0.000000 0.000000 -1
1 -7.071102 -2.867902 4.095760 1.000000 0.000000 -1
18
-0.707108 0.579226 0.405581
-0.707108 0.579226 0.405581
-0.707108 0.579226 0.405581
0.000000 -0.573576 0.819152
0.000000 -0.573575 0.819153
0.000000 -0.573575 0.819153
0.707106 -0.579227 -0.405581
0.707107 -0.579227 -0.405581
0.707107 -0.579227 -0.405581
-0.000001 0.573575 -0.819153
0.000000 0.573575 -0.819153
0.000001 0.573575 -0.819153
0.707107 0.579226 0.405581
0.707107 0.579226 0.405581
0.707108 0.579226 0.405581
-0.707107 -0.579227 -0.405581
-0.707107 -0.579227 -0.405581
-0.707107 -0.579227 -0.405581
12
1 0 1 2 0 1 1 1
1 1 3 2 1 2 1 1
1 4 5 6 3 4 4 2
1 5 7 6 4 5 4 2
1 8 9 10 6 7 7 1
1 9 11 10 7 8 7 1
1 12 13 14 9 10 10 2
1 13 15 14 10 11 10 2
1 12 16 6 12 13 13 3
1 16 17 6 13 14 13 3
1 18 13 19 15 16 16 3
1 13 7 19 16 17 16 3

Materials: 1
"Material01"
0.200000 0.200000 0.200000 1.000000
0.800000 0.800000 0.800000 1.000000
0.000000 0.000000 0.000000 1.000000
0.000000 0.000000 0.000000 1.000000
0.000000
1.000000
"BoxFace.png"
""

Bones: 0
GroupComments: 0
MaterialComments: 0
BoneComments: 0
ModelComment: 0
