// MilkShape 3D ASCII

Frames: 30
Frame: 1

Meshes: 2
"Fog01" 0 0
12
0 -307.229065 468.500000 302.831116 0.000000 0.000000 -1
0 -307.229065 468.500000 -302.720703 0.000000 1.000000 -1
0 306.228943 468.500000 302.831116 1.000000 0.000000 -1
0 306.228943 468.500000 -302.720703 1.000000 1.000000 -1
0 -307.229065 643.500000 302.831116 0.000000 0.000000 -1
0 -307.229065 643.500000 -302.720703 0.000000 1.000000 -1
0 306.228943 643.500000 302.831116 1.000000 0.000000 -1
0 306.228943 643.500000 -302.720703 1.000000 1.000000 -1
0 -307.229065 293.500000 302.831116 0.000000 0.000000 -1
0 -307.229065 293.500000 -302.720703 0.000000 1.000000 -1
0 306.228943 293.500000 302.831116 1.000000 0.000000 -1
0 306.228943 293.500000 -302.720703 1.000000 1.000000 -1
1
0.000000 -1.000000 0.000000
6
0 0 1 2 0 0 0 3
0 1 3 2 0 0 0 3
0 4 5 6 0 0 0 3
0 5 7 6 0 0 0 3
0 8 9 10 0 0 0 3
0 9 11 10 0 0 0 3
"Fog02" 0 0
12
0 306.228943 -371.500000 302.831116 1.000000 0.000000 -1
0 -307.229065 -371.500000 -302.720703 0.000000 1.000000 -1
0 -307.229065 -371.500000 302.831116 0.000000 0.000000 -1
0 306.228943 -371.500000 -302.720703 1.000000 1.000000 -1
0 306.228943 -196.500000 302.831116 1.000000 0.000000 -1
0 -307.229065 -196.500000 -302.720703 0.000000 1.000000 -1
0 -307.229065 -196.500000 302.831116 0.000000 0.000000 -1
0 306.228943 -196.500000 -302.720703 1.000000 1.000000 -1
0 306.228943 -546.500000 302.831116 1.000000 0.000000 -1
0 -307.229065 -546.500000 -302.720703 0.000000 1.000000 -1
0 -307.229065 -546.500000 302.831116 0.000000 0.000000 -1
0 306.228943 -546.500000 -302.720703 1.000000 1.000000 -1
1
0.000000 1.000000 0.000000
6
0 0 1 2 0 0 0 3
0 0 3 1 0 0 0 3
0 4 5 6 0 0 0 3
0 4 7 5 0 0 0 3
0 8 9 10 0 0 0 3
0 8 11 9 0 0 0 3

Materials: 1
"Fog"
0.200000 0.200000 0.200000 1.000000
0.800000 0.800000 0.800000 1.000000
0.000000 0.000000 0.000000 1.000000
0.000000 0.000000 0.000000 1.000000
0.000000
1.000000
".\Fog.png"
""

Bones: 0
GroupComments: 0
MaterialComments: 0
BoneComments: 0
ModelComment: 0
