// MilkShape 3D ASCII

Frames: 30
Frame: 1

Meshes: 2
"InnerFog" 0 2
12
0 -20.055555 20.000000 -0.000349 0.000000 0.000000 -1
0 -20.055555 -20.000000 -0.000349 0.000000 1.000000 -1
0 20.055555 20.000000 -0.000349 1.000000 0.000000 -1
0 20.055555 -20.000000 -0.000349 1.000000 1.000000 -1
0 -20.055555 0.000003 -20.000349 0.000000 0.000000 -1
0 -20.055555 -0.000003 19.999651 0.000000 1.000000 -1
0 20.055555 0.000003 -20.000349 1.000000 0.000000 -1
0 20.055555 -0.000003 19.999651 1.000000 1.000000 -1
0 0.000004 20.000000 20.055206 0.000000 0.000000 -1
0 0.000004 -20.000000 20.055206 0.000000 1.000000 -1
0 -0.000004 20.000000 -20.055904 1.000000 0.000000 -1
0 -0.000004 -20.000000 -20.055904 1.000000 1.000000 -1
3
0.000000 0.000000 1.000000
0.000000 1.000000 0.000000
1.000000 0.000000 -0.000000
6
0 0 1 2 0 0 0 1
0 1 3 2 0 0 0 1
0 4 5 6 1 1 1 1
0 5 7 6 1 1 1 1
0 8 9 10 2 2 2 1
0 9 11 10 2 2 2 1
"InnerFogOutside" 0 2
12
0 20.055555 20.000000 -0.000349 1.000000 0.000000 -1
0 -20.055555 -20.000000 -0.000349 0.000000 1.000000 -1
0 -20.055555 20.000000 -0.000349 0.000000 0.000000 -1
0 20.055555 -20.000000 -0.000349 1.000000 1.000000 -1
0 20.055555 0.000003 -20.000349 1.000000 0.000000 -1
0 -20.055555 -0.000003 19.999651 0.000000 1.000000 -1
0 -20.055555 0.000003 -20.000349 0.000000 0.000000 -1
0 20.055555 -0.000003 19.999651 1.000000 1.000000 -1
0 -0.000004 20.000000 -20.055904 1.000000 0.000000 -1
0 0.000004 -20.000000 20.055206 0.000000 1.000000 -1
0 0.000004 20.000000 20.055206 0.000000 0.000000 -1
0 -0.000004 -20.000000 -20.055904 1.000000 1.000000 -1
3
0.000000 0.000000 -1.000000
0.000000 -1.000000 -0.000000
-1.000000 0.000000 0.000000
6
0 0 1 2 0 0 0 1
0 0 3 1 0 0 0 1
0 4 5 6 1 1 1 1
0 4 7 5 1 1 1 1
0 8 9 10 2 2 2 1
0 8 11 9 2 2 2 1

Materials: 3
"Ball"
0.200000 0.200000 0.200000 1.000000
0.800000 0.800000 0.800000 1.000000
0.000000 0.000000 0.000000 1.000000
0.000000 0.000000 0.000000 1.000000
0.000000
1.000000
".\Ball.png"
""
"Innard"
0.200000 0.200000 0.200000 1.000000
0.800000 0.800000 0.800000 1.000000
0.000000 0.000000 0.000000 1.000000
0.000000 0.000000 0.000000 1.000000
0.000000
1.000000
".\Innard01.png"
""
"Innard2"
0.200000 0.200000 0.200000 1.000000
0.800000 0.800000 0.800000 1.000000
0.000000 0.000000 0.000000 1.000000
0.000000 0.000000 0.000000 1.000000
0.000000
1.000000
".\Innard02v2.png"
""

Bones: 0
GroupComments: 0
MaterialComments: 0
BoneComments: 0
ModelComment: 0
