// MilkShape 3D ASCII

Frames: 30
Frame: 1

Meshes: 2
"Ball" 0 0
334
0 -0.000061 -20.000000 0.055206 0.000000 1.179939 -1
0 4.158173 -19.562952 0.055206 0.000000 1.089175 -1
0 3.954655 -19.562952 1.340171 0.199514 1.089175 -1
0 -0.000061 20.000000 0.055206 0.000000 -0.181525 -1
0 3.954653 19.562952 1.340171 0.199514 -0.090761 -1
0 4.158171 19.562952 0.055206 0.000000 -0.090761 -1
0 -0.000061 -20.000000 0.055206 0.199514 1.179939 -1
0 3.364021 -19.562952 2.499355 0.399029 1.089175 -1
0 -0.000061 20.000000 0.055206 0.199514 -0.181525 -1
0 3.364020 19.562952 2.499354 0.399029 -0.090761 -1
0 -0.000061 -20.000000 0.055206 0.399029 1.179939 -1
0 2.444088 -19.562952 3.419288 0.598543 1.089175 -1
0 -0.000061 20.000000 0.055206 0.399029 -0.181525 -1
0 2.444087 19.562952 3.419287 0.598543 -0.090761 -1
0 -0.000061 -20.000000 0.055206 0.598543 1.179939 -1
0 1.284904 -19.562952 4.009922 0.798058 1.089175 -1
0 -0.000061 20.000000 0.055206 0.598543 -0.181525 -1
0 1.284903 19.562952 4.009920 0.798058 -0.090761 -1
0 -0.000061 -20.000000 0.055206 0.798058 1.179939 -1
0 -0.000061 -19.562952 4.213440 0.997572 1.089175 -1
0 -0.000061 20.000000 0.055206 0.798058 -0.181525 -1
0 -0.000061 19.562952 4.213439 0.997572 -0.090761 -1
0 -0.000061 -20.000000 0.055206 0.997572 1.179939 -1
0 -1.285026 -19.562952 4.009922 1.197086 1.089175 -1
0 -0.000061 20.000000 0.055206 0.997572 -0.181525 -1
0 -1.285025 19.562952 4.009920 1.197086 -0.090761 -1
0 -0.000061 -20.000000 0.055206 1.197086 1.179939 -1
0 -2.444210 -19.562952 3.419288 1.396601 1.089175 -1
0 -0.000061 20.000000 0.055206 1.197086 -0.181525 -1
0 -2.444209 19.562952 3.419287 1.396601 -0.090761 -1
0 -0.000061 -20.000000 0.055206 1.396601 1.179939 -1
0 -3.364143 -19.562952 2.499355 1.596115 1.089175 -1
0 -0.000061 20.000000 0.055206 1.396601 -0.181525 -1
0 -3.364142 19.562952 2.499354 1.596115 -0.090761 -1
0 -0.000061 -20.000000 0.055206 1.596115 1.179939 -1
0 -3.954777 -19.562952 1.340171 1.795630 1.089175 -1
0 -0.000061 20.000000 0.055206 1.596115 -0.181525 -1
0 -3.954775 19.562952 1.340171 1.795630 -0.090761 -1
0 -0.000061 -20.000000 0.055206 1.795630 1.179939 -1
0 -4.158295 -19.562952 0.055206 1.995144 1.089175 -1
0 -0.000061 20.000000 0.055206 1.795630 -0.181525 -1
0 -4.158293 19.562952 0.055206 1.995144 -0.090761 -1
0 -0.000061 -20.000000 0.055206 1.995144 1.179939 -1
0 -3.954777 -19.562952 -1.229759 2.194659 1.089175 -1
0 -0.000061 20.000000 0.055206 1.995144 -0.181525 -1
0 -3.954775 19.562952 -1.229758 2.194659 -0.090761 -1
0 -0.000061 -20.000000 0.055206 2.194659 1.179939 -1
0 -3.364143 -19.562952 -2.388942 2.394172 1.089175 -1
0 -0.000061 20.000000 0.055206 2.194659 -0.181525 -1
0 -3.364142 19.562952 -2.388941 2.394172 -0.090761 -1
0 -0.000061 -20.000000 0.055206 2.394172 1.179939 -1
0 -2.444210 -19.562952 -3.308876 2.593687 1.089175 -1
0 -0.000061 20.000000 0.055206 2.394172 -0.181525 -1
0 -2.444209 19.562952 -3.308874 2.593687 -0.090761 -1
0 -0.000061 -20.000000 0.055206 2.593687 1.179939 -1
0 -1.285026 -19.562952 -3.899509 2.793202 1.089175 -1
0 -0.000061 20.000000 0.055206 2.593687 -0.181525 -1
0 -1.285025 19.562952 -3.899508 2.793202 -0.090761 -1
0 -0.000061 -20.000000 0.055206 2.793202 1.179939 -1
0 -0.000061 -19.562952 -4.103028 2.992717 1.089175 -1
0 -0.000061 20.000000 0.055206 2.793202 -0.181525 -1
0 -0.000061 19.562952 -4.103026 2.992717 -0.090761 -1
0 -0.000061 -20.000000 0.055206 2.992717 1.179939 -1
0 1.284904 -19.562952 -3.899509 3.192230 1.089175 -1
0 -0.000061 20.000000 0.055206 2.992717 -0.181525 -1
0 1.284903 19.562952 -3.899508 3.192230 -0.090761 -1
0 -0.000061 -20.000000 0.055206 3.192230 1.179939 -1
0 2.444088 -19.562952 -3.308876 3.391745 1.089175 -1
0 -0.000061 20.000000 0.055206 3.192230 -0.181525 -1
0 2.444087 19.562952 -3.308874 3.391745 -0.090761 -1
0 -0.000061 -20.000000 0.055206 3.391745 1.179939 -1
0 3.364021 -19.562952 -2.388942 3.591260 1.089175 -1
0 -0.000061 20.000000 0.055206 3.391745 -0.181525 -1
0 3.364020 19.562952 -2.388941 3.591260 -0.090761 -1
0 -0.000061 -20.000000 0.055206 3.591260 1.179939 -1
0 3.954655 -19.562952 -1.229759 3.790773 1.089175 -1
0 -0.000061 20.000000 0.055206 3.591260 -0.181525 -1
0 3.954653 19.562952 -1.229758 3.790773 -0.090761 -1
0 -0.000061 -20.000000 0.055206 3.790773 1.179939 -1
0 4.158173 -19.562952 0.055206 3.990289 1.089175 -1
0 -0.000061 20.000000 0.055206 3.790773 -0.181525 -1
0 4.158171 19.562952 0.055206 3.990289 -0.090761 -1
0 8.134672 -18.270908 0.055206 0.000000 0.998410 -1
0 7.736530 -18.270908 2.568977 0.199514 0.998410 -1
0 6.581076 -18.270908 4.836682 0.399029 0.998410 -1
0 4.781415 -18.270908 6.636343 0.598543 0.998410 -1
0 2.513710 -18.270908 7.791797 0.798058 0.998410 -1
0 -0.000061 -18.270908 8.189939 0.997572 0.998410 -1
0 -2.513832 -18.270908 7.791797 1.197086 0.998410 -1
0 -4.781537 -18.270908 6.636343 1.396601 0.998410 -1
0 -6.581198 -18.270908 4.836682 1.596115 0.998410 -1
0 -7.736652 -18.270908 2.568977 1.795630 0.998410 -1
0 -8.134794 -18.270908 0.055206 1.995144 0.998410 -1
0 -7.736652 -18.270908 -2.458565 2.194659 0.998410 -1
0 -6.581198 -18.270908 -4.726270 2.394172 0.998410 -1
0 -4.781537 -18.270908 -6.525931 2.593687 0.998410 -1
0 -2.513832 -18.270908 -7.681385 2.793202 0.998410 -1
0 -0.000061 -18.270908 -8.079527 2.992717 0.998410 -1
0 2.513710 -18.270908 -7.681385 3.192230 0.998410 -1
0 4.781415 -18.270908 -6.525931 3.391745 0.998410 -1
0 6.581076 -18.270908 -4.726270 3.591260 0.998410 -1
0 7.736530 -18.270908 -2.458565 3.790773 0.998410 -1
0 8.134672 -18.270908 0.055206 3.990289 0.998410 -1
0 11.755644 -16.180340 0.055206 0.000000 0.907646 -1
0 11.180279 -16.180340 3.687919 0.199514 0.907646 -1
0 9.510504 -16.180340 6.965036 0.399029 0.907646 -1
0 6.909769 -16.180340 9.565771 0.598543 0.907646 -1
0 3.632652 -16.180340 11.235546 0.798058 0.907646 -1
0 -0.000061 -16.180340 11.810911 0.997572 0.907646 -1
0 -3.632774 -16.180340 11.235546 1.197086 0.907646 -1
0 -6.909891 -16.180340 9.565771 1.396601 0.907646 -1
0 -9.510626 -16.180340 6.965036 1.596115 0.907646 -1
0 -11.180401 -16.180340 3.687919 1.795630 0.907646 -1
0 -11.755766 -16.180340 0.055206 1.995144 0.907646 -1
0 -11.180401 -16.180340 -3.577506 2.194659 0.907646 -1
0 -9.510626 -16.180340 -6.854624 2.394172 0.907646 -1
0 -6.909891 -16.180340 -9.455359 2.593687 0.907646 -1
0 -3.632774 -16.180340 -11.125134 2.793202 0.907646 -1
0 -0.000061 -16.180340 -11.700499 2.992717 0.907646 -1
0 3.632652 -16.180340 -11.125134 3.192230 0.907646 -1
0 6.909769 -16.180340 -9.455359 3.391745 0.907646 -1
0 9.510504 -16.180340 -6.854624 3.591260 0.907646 -1
0 11.180279 -16.180340 -3.577506 3.790773 0.907646 -1
0 11.755644 -16.180340 0.055206 3.990289 0.907646 -1
0 14.862837 -13.382612 0.055206 0.000000 0.816882 -1
0 14.135395 -13.382612 4.648094 0.199514 0.816882 -1
0 12.024276 -13.382612 8.791398 0.399029 0.816882 -1
0 8.736131 -13.382612 12.079543 0.598543 0.816882 -1
0 4.592827 -13.382612 14.190662 0.798058 0.816882 -1
0 -0.000061 -13.382612 14.918104 0.997572 0.816882 -1
0 -4.592949 -13.382612 14.190662 1.197086 0.816882 -1
0 -8.736253 -13.382612 12.079543 1.396601 0.816882 -1
0 -12.024398 -13.382612 8.791398 1.596115 0.816882 -1
0 -14.135517 -13.382612 4.648094 1.795630 0.816882 -1
0 -14.862959 -13.382612 0.055206 1.995144 0.816882 -1
0 -14.135517 -13.382612 -4.537682 2.194659 0.816882 -1
0 -12.024398 -13.382612 -8.680985 2.394172 0.816882 -1
0 -8.736253 -13.382612 -11.969131 2.593687 0.816882 -1
0 -4.592949 -13.382612 -14.080250 2.793202 0.816882 -1
0 -0.000061 -13.382612 -14.807692 2.992717 0.816882 -1
0 4.592827 -13.382612 -14.080250 3.192230 0.816882 -1
0 8.736131 -13.382612 -11.969131 3.391745 0.816882 -1
0 12.024276 -13.382612 -8.680985 3.591260 0.816882 -1
0 14.135395 -13.382612 -4.537682 3.790773 0.816882 -1
0 14.862837 -13.382612 0.055206 3.990289 0.816882 -1
0 17.320448 -9.999999 0.055206 0.000000 0.726117 -1
0 16.472723 -9.999999 5.407538 0.199514 0.726117 -1
0 14.012526 -9.999999 10.235946 0.399029 0.726117 -1
0 10.180678 -9.999999 14.067793 0.598543 0.726117 -1
0 5.352271 -9.999999 16.527990 0.798058 0.726117 -1
0 -0.000061 -9.999999 17.375715 0.997572 0.726117 -1
0 -5.352393 -9.999999 16.527990 1.197086 0.726117 -1
0 -10.180800 -9.999999 14.067793 1.396601 0.726117 -1
0 -14.012648 -9.999999 10.235946 1.596115 0.726117 -1
0 -16.472845 -9.999999 5.407538 1.795630 0.726117 -1
0 -17.320570 -9.999999 0.055206 1.995144 0.726117 -1
0 -16.472845 -9.999999 -5.297125 2.194659 0.726117 -1
0 -14.012648 -9.999999 -10.125533 2.394172 0.726117 -1
0 -10.180800 -9.999999 -13.957380 2.593687 0.726117 -1
0 -5.352393 -9.999999 -16.417578 2.793202 0.726117 -1
0 -0.000061 -9.999999 -17.265303 2.992717 0.726117 -1
0 5.352271 -9.999999 -16.417578 3.192230 0.726117 -1
0 10.180678 -9.999999 -13.957380 3.391745 0.726117 -1
0 14.012526 -9.999999 -10.125533 3.591260 0.726117 -1
0 16.472723 -9.999999 -5.297125 3.790773 0.726117 -1
0 17.320448 -9.999999 0.055206 3.990289 0.726117 -1
0 19.021070 -6.180339 0.055206 0.000000 0.635353 -1
0 18.090109 -6.180339 5.933059 0.199514 0.635353 -1
0 15.388357 -6.180339 11.235546 0.399029 0.635353 -1
0 11.180279 -6.180339 15.443624 0.598543 0.635353 -1
0 5.877792 -6.180339 18.145376 0.798058 0.635353 -1
0 -0.000061 -6.180339 19.076338 0.997572 0.635353 -1
0 -5.877914 -6.180339 18.145376 1.197086 0.635353 -1
0 -11.180401 -6.180339 15.443624 1.396601 0.635353 -1
0 -15.388479 -6.180339 11.235546 1.596115 0.635353 -1
0 -18.090231 -6.180339 5.933059 1.795630 0.635353 -1
0 -19.021193 -6.180339 0.055206 1.995144 0.635353 -1
0 -18.090231 -6.180339 -5.822647 2.194659 0.635353 -1
0 -15.388479 -6.180339 -11.125134 2.394172 0.635353 -1
0 -11.180401 -6.180339 -15.333212 2.593687 0.635353 -1
0 -5.877914 -6.180339 -18.034964 2.793202 0.635353 -1
0 -0.000061 -6.180339 -18.965925 2.992717 0.635353 -1
0 5.877792 -6.180339 -18.034964 3.192230 0.635353 -1
0 11.180279 -6.180339 -15.333212 3.391745 0.635353 -1
0 15.388357 -6.180339 -11.125134 3.591260 0.635353 -1
0 18.090109 -6.180339 -5.822647 3.790773 0.635353 -1
0 19.021070 -6.180339 0.055206 3.990289 0.635353 -1
0 19.890377 -2.090569 0.055206 0.000000 0.544589 -1
0 18.916870 -2.090569 6.201690 0.199514 0.544589 -1
0 16.091642 -2.090569 11.746512 0.399029 0.544589 -1
0 11.691245 -2.090569 16.146910 0.598543 0.544589 -1
0 6.146422 -2.090569 18.972137 0.798058 0.544589 -1
0 -0.000061 -2.090569 19.945644 0.997572 0.544589 -1
0 -6.146544 -2.090569 18.972137 1.197086 0.544589 -1
0 -11.691367 -2.090569 16.146910 1.396601 0.544589 -1
0 -16.091764 -2.090569 11.746512 1.596115 0.544589 -1
0 -18.916992 -2.090569 6.201690 1.795630 0.544589 -1
0 -19.890499 -2.090569 0.055206 1.995144 0.544589 -1
0 -18.916992 -2.090569 -6.091277 2.194659 0.544589 -1
0 -16.091764 -2.090569 -11.636100 2.394172 0.544589 -1
0 -11.691367 -2.090569 -16.036497 2.593687 0.544589 -1
0 -6.146544 -2.090569 -18.861725 2.793202 0.544589 -1
0 -0.000061 -2.090569 -19.835232 2.992717 0.544589 -1
0 6.146422 -2.090569 -18.861725 3.192230 0.544589 -1
0 11.691245 -2.090569 -16.036497 3.391745 0.544589 -1
0 16.091642 -2.090569 -11.636100 3.591260 0.544589 -1
0 18.916870 -2.090569 -6.091277 3.790773 0.544589 -1
0 19.890377 -2.090569 0.055206 3.990289 0.544589 -1
0 19.890377 2.090570 0.055206 0.000000 0.453825 -1
0 18.916870 2.090570 6.201690 0.199514 0.453825 -1
0 16.091642 2.090570 11.746512 0.399029 0.453825 -1
0 11.691245 2.090570 16.146910 0.598543 0.453825 -1
0 6.146422 2.090570 18.972137 0.798058 0.453825 -1
0 -0.000061 2.090570 19.945644 0.997572 0.453825 -1
0 -6.146544 2.090570 18.972137 1.197086 0.453825 -1
0 -11.691367 2.090570 16.146910 1.396601 0.453825 -1
0 -16.091764 2.090570 11.746512 1.596115 0.453825 -1
0 -18.916992 2.090570 6.201690 1.795630 0.453825 -1
0 -19.890499 2.090570 0.055206 1.995144 0.453825 -1
0 -18.916992 2.090570 -6.091277 2.194659 0.453825 -1
0 -16.091764 2.090570 -11.636100 2.394172 0.453825 -1
0 -11.691367 2.090570 -16.036497 2.593687 0.453825 -1
0 -6.146544 2.090570 -18.861725 2.793202 0.453825 -1
0 -0.000061 2.090570 -19.835232 2.992717 0.453825 -1
0 6.146422 2.090570 -18.861725 3.192230 0.453825 -1
0 11.691245 2.090570 -16.036497 3.391745 0.453825 -1
0 16.091642 2.090570 -11.636100 3.591260 0.453825 -1
0 18.916870 2.090570 -6.091277 3.790773 0.453825 -1
0 19.890377 2.090570 0.055206 3.990289 0.453825 -1
0 19.021069 6.180341 0.055206 0.000000 0.363060 -1
0 18.090109 6.180341 5.933059 0.199514 0.363060 -1
0 15.388356 6.180341 11.235545 0.399029 0.363060 -1
0 11.180278 6.180341 15.443624 0.598543 0.363060 -1
0 5.877791 6.180341 18.145376 0.798058 0.363060 -1
0 -0.000061 6.180341 19.076336 0.997572 0.363060 -1
0 -5.877913 6.180341 18.145376 1.197086 0.363060 -1
0 -11.180400 6.180341 15.443624 1.396601 0.363060 -1
0 -15.388478 6.180341 11.235545 1.596115 0.363060 -1
0 -18.090231 6.180341 5.933059 1.795630 0.363060 -1
0 -19.021191 6.180341 0.055206 1.995144 0.363060 -1
0 -18.090231 6.180341 -5.822646 2.194659 0.363060 -1
0 -15.388478 6.180341 -11.125133 2.394172 0.363060 -1
0 -11.180400 6.180341 -15.333211 2.593687 0.363060 -1
0 -5.877913 6.180341 -18.034964 2.793202 0.363060 -1
0 -0.000061 6.180341 -18.965923 2.992717 0.363060 -1
0 5.877791 6.180341 -18.034964 3.192230 0.363060 -1
0 11.180278 6.180341 -15.333211 3.391745 0.363060 -1
0 15.388356 6.180341 -11.125133 3.591260 0.363060 -1
0 18.090109 6.180341 -5.822646 3.790773 0.363060 -1
0 19.021069 6.180341 0.055206 3.990289 0.363060 -1
0 17.320446 10.000001 0.055206 0.000000 0.272296 -1
0 16.472721 10.000001 5.407537 0.199514 0.272296 -1
0 14.012525 10.000001 10.235945 0.399029 0.272296 -1
0 10.180677 10.000001 14.067792 0.598543 0.272296 -1
0 5.352270 10.000001 16.527988 0.798058 0.272296 -1
0 -0.000061 10.000001 17.375713 0.997572 0.272296 -1
0 -5.352392 10.000001 16.527988 1.197086 0.272296 -1
0 -10.180799 10.000001 14.067792 1.396601 0.272296 -1
0 -14.012647 10.000001 10.235945 1.596115 0.272296 -1
0 -16.472843 10.000001 5.407537 1.795630 0.272296 -1
0 -17.320568 10.000001 0.055206 1.995144 0.272296 -1
0 -16.472843 10.000001 -5.297125 2.194659 0.272296 -1
0 -14.012647 10.000001 -10.125532 2.394172 0.272296 -1
0 -10.180799 10.000001 -13.957379 2.593687 0.272296 -1
0 -5.352392 10.000001 -16.417576 2.793202 0.272296 -1
0 -0.000061 10.000001 -17.265301 2.992717 0.272296 -1
0 5.352270 10.000001 -16.417576 3.192230 0.272296 -1
0 10.180677 10.000001 -13.957379 3.391745 0.272296 -1
0 14.012525 10.000001 -10.125532 3.591260 0.272296 -1
0 16.472721 10.000001 -5.297125 3.790773 0.272296 -1
0 17.320446 10.000001 0.055206 3.990289 0.272296 -1
0 14.862835 13.382613 0.055206 0.000000 0.181532 -1
0 14.135393 13.382613 4.648094 0.199514 0.181532 -1
0 12.024275 13.382613 8.791397 0.399029 0.181532 -1
0 8.736130 13.382613 12.079542 0.598543 0.181532 -1
0 4.592826 13.382613 14.190660 0.798058 0.181532 -1
0 -0.000061 13.382613 14.918102 0.997572 0.181532 -1
0 -4.592948 13.382613 14.190660 1.197086 0.181532 -1
0 -8.736252 13.382613 12.079542 1.396601 0.181532 -1
0 -12.024397 13.382613 8.791397 1.596115 0.181532 -1
0 -14.135515 13.382613 4.648094 1.795630 0.181532 -1
0 -14.862957 13.382613 0.055206 1.995144 0.181532 -1
0 -14.135515 13.382613 -4.537681 2.194659 0.181532 -1
0 -12.024397 13.382613 -8.680984 2.394172 0.181532 -1
0 -8.736252 13.382613 -11.969130 2.593687 0.181532 -1
0 -4.592948 13.382613 -14.080248 2.793202 0.181532 -1
0 -0.000061 13.382613 -14.807690 2.992717 0.181532 -1
0 4.592826 13.382613 -14.080248 3.192230 0.181532 -1
0 8.736130 13.382613 -11.969130 3.391745 0.181532 -1
0 12.024275 13.382613 -8.680984 3.591260 0.181532 -1
0 14.135393 13.382613 -4.537681 3.790773 0.181532 -1
0 14.862835 13.382613 0.055206 3.990289 0.181532 -1
0 11.755643 16.180340 0.055206 0.000000 0.090767 -1
0 11.180278 16.180340 3.687919 0.199514 0.090767 -1
0 9.510503 16.180340 6.965035 0.399029 0.090767 -1
0 6.909768 16.180340 9.565770 0.598543 0.090767 -1
0 3.632651 16.180340 11.235545 0.798058 0.090767 -1
0 -0.000061 16.180340 11.810910 0.997572 0.090767 -1
0 -3.632773 16.180340 11.235545 1.197086 0.090767 -1
0 -6.909890 16.180340 9.565770 1.396601 0.090767 -1
0 -9.510625 16.180340 6.965035 1.596115 0.090767 -1
0 -11.180400 16.180340 3.687919 1.795630 0.090767 -1
0 -11.755765 16.180340 0.055206 1.995144 0.090767 -1
0 -11.180400 16.180340 -3.577506 2.194659 0.090767 -1
0 -9.510625 16.180340 -6.854623 2.394172 0.090767 -1
0 -6.909890 16.180340 -9.455358 2.593687 0.090767 -1
0 -3.632773 16.180340 -11.125133 2.793202 0.090767 -1
0 -0.000061 16.180340 -11.700498 2.992717 0.090767 -1
0 3.632651 16.180340 -11.125133 3.192230 0.090767 -1
0 6.909768 16.180340 -9.455358 3.391745 0.090767 -1
0 9.510503 16.180340 -6.854623 3.591260 0.090767 -1
0 11.180278 16.180340 -3.577506 3.790773 0.090767 -1
0 11.755643 16.180340 0.055206 3.990289 0.090767 -1
0 8.134670 18.270910 0.055206 0.000000 0.000003 -1
0 7.736529 18.270910 2.568977 0.199514 0.000003 -1
0 6.581075 18.270910 4.836681 0.399029 0.000003 -1
0 4.781414 18.270910 6.636343 0.598543 0.000003 -1
0 2.513709 18.270910 7.791796 0.798058 0.000003 -1
0 -0.000061 18.270910 8.189938 0.997572 0.000003 -1
0 -2.513831 18.270910 7.791796 1.197086 0.000003 -1
0 -4.781536 18.270910 6.636343 1.396601 0.000003 -1
0 -6.581197 18.270910 4.836681 1.596115 0.000003 -1
0 -7.736651 18.270910 2.568977 1.795630 0.000003 -1
0 -8.134792 18.270910 0.055206 1.995144 0.000003 -1
0 -7.736651 18.270910 -2.458564 2.194659 0.000003 -1
0 -6.581197 18.270910 -4.726269 2.394172 0.000003 -1
0 -4.781536 18.270910 -6.525930 2.593687 0.000003 -1
0 -2.513831 18.270910 -7.681384 2.793202 0.000003 -1
0 -0.000061 18.270910 -8.079525 2.992717 0.000003 -1
0 2.513709 18.270910 -7.681384 3.192230 0.000003 -1
0 4.781414 18.270910 -6.525930 3.391745 0.000003 -1
0 6.581075 18.270910 -4.726269 3.591260 0.000003 -1
0 7.736529 18.270910 -2.458564 3.790773 0.000003 -1
0 8.134670 18.270910 0.055206 3.990289 0.000003 -1
282
0.000000 -1.000000 -0.000000
0.241985 -0.970280 -0.000000
0.197684 -0.978159 0.064231
0.000000 1.000000 0.000000
0.230141 0.970280 0.074777
0.207857 0.978159 0.000000
0.195770 -0.970280 0.142235
0.168160 0.978159 0.122175
0.122175 -0.978159 0.168160
0.142235 0.970280 0.195769
0.074777 -0.970280 0.230141
0.064231 0.978159 0.197684
0.000000 -0.978159 0.207857
-0.000000 0.970280 0.241984
-0.074777 -0.970280 0.230141
-0.064231 0.978159 0.197684
-0.122175 -0.978159 0.168160
-0.142235 0.970280 0.195769
-0.195770 -0.970280 0.142235
-0.168160 0.978159 0.122175
-0.197684 -0.978159 0.064231
-0.230141 0.970280 0.074777
-0.241985 -0.970280 -0.000000
-0.207857 0.978159 0.000000
-0.197684 -0.978159 -0.064231
-0.230141 0.970280 -0.074777
-0.195770 -0.970280 -0.142235
-0.168160 0.978159 -0.122175
-0.122175 -0.978159 -0.168160
-0.142235 0.970280 -0.195769
-0.074777 -0.970280 -0.230141
-0.064231 0.978159 -0.197684
0.000000 -0.978159 -0.207857
0.000000 0.970280 -0.241984
0.074777 -0.970280 -0.230141
0.064231 0.978159 -0.197684
0.122175 -0.978159 -0.168160
0.142235 0.970280 -0.195769
0.195770 -0.970280 -0.142235
0.168160 0.978159 -0.122175
0.197684 -0.978159 -0.064231
0.230141 0.970280 -0.074777
0.406644 -0.913587 0.000000
0.386741 -0.913587 0.125660
0.328982 -0.913587 0.239019
0.239019 -0.913587 0.328982
0.125660 -0.913587 0.386741
0.000000 -0.913587 0.406644
-0.125660 -0.913587 0.386741
-0.239019 -0.913587 0.328982
-0.328982 -0.913587 0.239019
-0.386741 -0.913587 0.125660
-0.406644 -0.913587 0.000000
-0.386741 -0.913587 -0.125660
-0.328982 -0.913587 -0.239019
-0.239019 -0.913587 -0.328982
-0.125660 -0.913587 -0.386741
-0.000000 -0.913587 -0.406644
0.125660 -0.913587 -0.386741
0.239019 -0.913587 -0.328982
0.328982 -0.913587 -0.239019
0.386741 -0.913587 -0.125660
0.587681 -0.809093 0.000000
0.558917 -0.809093 0.181603
0.475444 -0.809093 0.345430
0.345430 -0.809093 0.475444
0.181603 -0.809093 0.558917
0.000000 -0.809093 0.587681
-0.181603 -0.809093 0.558917
-0.345430 -0.809093 0.475444
-0.475444 -0.809093 0.345430
-0.558917 -0.809093 0.181603
-0.587681 -0.809093 0.000000
-0.558917 -0.809093 -0.181603
-0.475444 -0.809093 -0.345430
-0.345430 -0.809093 -0.475444
-0.181603 -0.809093 -0.558917
0.000000 -0.809093 -0.587681
0.181603 -0.809093 -0.558917
0.345430 -0.809093 -0.475444
0.475444 -0.809093 -0.345430
0.558917 -0.809093 -0.181603
0.743055 -0.669231 0.000000
0.706687 -0.669231 0.229617
0.601144 -0.669231 0.436757
0.436757 -0.669231 0.601144
0.229617 -0.669231 0.706687
0.000000 -0.669231 0.743055
-0.229617 -0.669231 0.706687
-0.436757 -0.669231 0.601144
-0.601144 -0.669231 0.436757
-0.706687 -0.669231 0.229617
-0.743055 -0.669231 0.000000
-0.706687 -0.669231 -0.229617
-0.601144 -0.669231 -0.436757
-0.436757 -0.669231 -0.601144
-0.229617 -0.669231 -0.706687
0.000000 -0.669231 -0.743055
0.229617 -0.669231 -0.706687
0.436757 -0.669231 -0.601144
0.601144 -0.669231 -0.436757
0.706687 -0.669231 -0.229617
0.865967 -0.500101 0.000000
0.823584 -0.500101 0.267599
0.700582 -0.500101 0.509003
0.509003 -0.500101 0.700582
0.267599 -0.500101 0.823584
0.000000 -0.500101 0.865967
-0.267599 -0.500101 0.823584
-0.509003 -0.500101 0.700582
-0.700582 -0.500101 0.509003
-0.823584 -0.500101 0.267599
-0.865967 -0.500101 0.000000
-0.823584 -0.500101 -0.267599
-0.700582 -0.500101 -0.509003
-0.509003 -0.500101 -0.700582
-0.267599 -0.500101 -0.823584
0.000000 -0.500101 -0.865967
0.267599 -0.500101 -0.823584
0.509003 -0.500101 -0.700582
0.700582 -0.500101 -0.509003
0.823584 -0.500101 -0.267599
0.951032 -0.309092 0.000000
0.904485 -0.309092 0.293885
0.769401 -0.309092 0.559003
0.559003 -0.309092 0.769401
0.293885 -0.309092 0.904485
0.000000 -0.309092 0.951032
-0.293885 -0.309092 0.904485
-0.559003 -0.309092 0.769401
-0.769401 -0.309092 0.559003
-0.904485 -0.309092 0.293885
-0.951032 -0.309092 0.000000
-0.904485 -0.309092 -0.293885
-0.769401 -0.309092 -0.559003
-0.559003 -0.309092 -0.769401
-0.293885 -0.309092 -0.904485
-0.000000 -0.309092 -0.951032
0.293885 -0.309092 -0.904485
0.559003 -0.309092 -0.769401
0.769401 -0.309092 -0.559003
0.904485 -0.309092 -0.293885
0.994519 -0.104556 0.000000
0.945844 -0.104556 0.307323
0.804583 -0.104556 0.584564
0.584564 -0.104556 0.804583
0.307323 -0.104556 0.945844
0.000000 -0.104556 0.994519
-0.307323 -0.104556 0.945844
-0.584564 -0.104556 0.804583
-0.804583 -0.104556 0.584564
-0.945844 -0.104556 0.307323
-0.994519 -0.104556 0.000000
-0.945844 -0.104556 -0.307323
-0.804583 -0.104556 -0.584564
-0.584564 -0.104556 -0.804583
-0.307323 -0.104556 -0.945844
0.000000 -0.104556 -0.994519
0.307323 -0.104556 -0.945844
0.584564 -0.104556 -0.804583
0.804583 -0.104556 -0.584564
0.945844 -0.104556 -0.307323
0.994519 0.104556 0.000000
0.945844 0.104556 0.307323
0.804583 0.104556 0.584564
0.584564 0.104556 0.804583
0.307323 0.104556 0.945844
0.000000 0.104556 0.994519
-0.307323 0.104556 0.945844
-0.584564 0.104556 0.804583
-0.804583 0.104556 0.584564
-0.945844 0.104556 0.307323
-0.994519 0.104556 0.000000
-0.945844 0.104556 -0.307323
-0.804583 0.104556 -0.584564
-0.584564 0.104556 -0.804583
-0.307323 0.104556 -0.945844
-0.000000 0.104556 -0.994519
0.307323 0.104556 -0.945844
0.584564 0.104556 -0.804583
0.804583 0.104556 -0.584564
0.945844 0.104556 -0.307323
0.951032 0.309092 0.000000
0.904485 0.309092 0.293885
0.769401 0.309092 0.559003
0.559003 0.309092 0.769401
0.293885 0.309092 0.904485
0.000000 0.309092 0.951032
-0.293885 0.309092 0.904485
-0.559003 0.309092 0.769401
-0.769401 0.309092 0.559003
-0.904485 0.309092 0.293885
-0.951032 0.309092 0.000000
-0.904485 0.309092 -0.293885
-0.769401 0.309092 -0.559003
-0.559003 0.309092 -0.769401
-0.293885 0.309092 -0.904485
0.000000 0.309092 -0.951032
0.293885 0.309092 -0.904485
0.559003 0.309092 -0.769401
0.769401 0.309092 -0.559003
0.904485 0.309092 -0.293885
0.865967 0.500101 0.000000
0.823584 0.500101 0.267599
0.700582 0.500101 0.509003
0.509003 0.500101 0.700582
0.267598 0.500101 0.823584
0.000000 0.500101 0.865967
-0.267598 0.500101 0.823584
-0.509003 0.500101 0.700582
-0.700582 0.500101 0.509003
-0.823584 0.500101 0.267599
-0.865967 0.500101 0.000000
-0.823584 0.500101 -0.267599
-0.700582 0.500101 -0.509003
-0.509003 0.500101 -0.700582
-0.267598 0.500101 -0.823584
0.000000 0.500101 -0.865967
0.267598 0.500101 -0.823584
0.509003 0.500101 -0.700582
0.700582 0.500101 -0.509003
0.823584 0.500101 -0.267599
0.743055 0.669231 -0.000000
0.706687 0.669231 0.229617
0.601144 0.669231 0.436757
0.436757 0.669231 0.601144
0.229617 0.669231 0.706687
0.000000 0.669231 0.743055
-0.229617 0.669231 0.706687
-0.436757 0.669231 0.601144
-0.601144 0.669231 0.436757
-0.706687 0.669231 0.229617
-0.743055 0.669231 -0.000000
-0.706687 0.669231 -0.229617
-0.601144 0.669231 -0.436757
-0.436757 0.669231 -0.601144
-0.229617 0.669231 -0.706687
0.000000 0.669231 -0.743055
0.229617 0.669231 -0.706687
0.436757 0.669231 -0.601144
0.601144 0.669231 -0.436757
0.706687 0.669231 -0.229617
0.587681 0.809093 0.000000
0.558918 0.809093 0.181603
0.475444 0.809093 0.345430
0.345430 0.809093 0.475444
0.181603 0.809093 0.558918
0.000000 0.809093 0.587681
-0.181603 0.809093 0.558918
-0.345430 0.809093 0.475444
-0.475444 0.809093 0.345430
-0.558918 0.809093 0.181603
-0.587681 0.809093 0.000000
-0.558918 0.809093 -0.181603
-0.475444 0.809093 -0.345430
-0.345430 0.809093 -0.475444
-0.181603 0.809093 -0.558918
0.000000 0.809093 -0.587681
0.181603 0.809093 -0.558918
0.345430 0.809093 -0.475444
0.475444 0.809093 -0.345430
0.558918 0.809093 -0.181603
0.406644 0.913587 0.000000
0.386741 0.913587 0.125660
0.328982 0.913587 0.239019
0.239019 0.913587 0.328982
0.125660 0.913587 0.386741
0.000000 0.913587 0.406644
-0.125660 0.913587 0.386741
-0.239019 0.913587 0.328982
-0.328982 0.913587 0.239019
-0.386741 0.913587 0.125660
-0.406644 0.913587 0.000000
-0.386741 0.913587 -0.125660
-0.328982 0.913587 -0.239019
-0.239019 0.913587 -0.328982
-0.125660 0.913587 -0.386741
0.000000 0.913587 -0.406644
0.125660 0.913587 -0.386741
0.239019 0.913587 -0.328982
0.328982 0.913587 -0.239019
0.386741 0.913587 -0.125660
560
0 0 1 2 0 1 2 1
0 3 4 5 3 4 5 1
0 6 2 7 0 2 6 1
0 8 9 4 3 7 4 1
0 10 7 11 0 6 8 1
0 12 13 9 3 9 7 1
0 14 11 15 0 8 10 1
0 16 17 13 3 11 9 1
0 18 15 19 0 10 12 1
0 20 21 17 3 13 11 1
0 22 19 23 0 12 14 1
0 24 25 21 3 15 13 1
0 26 23 27 0 14 16 1
0 28 29 25 3 17 15 1
0 30 27 31 0 16 18 1
0 32 33 29 3 19 17 1
0 34 31 35 0 18 20 1
0 36 37 33 3 21 19 1
0 38 35 39 0 20 22 1
0 40 41 37 3 23 21 1
0 42 39 43 0 22 24 1
0 44 45 41 3 25 23 1
0 46 43 47 0 24 26 1
0 48 49 45 3 27 25 1
0 50 47 51 0 26 28 1
0 52 53 49 3 29 27 1
0 54 51 55 0 28 30 1
0 56 57 53 3 31 29 1
0 58 55 59 0 30 32 1
0 60 61 57 3 33 31 1
0 62 59 63 0 32 34 1
0 64 65 61 3 35 33 1
0 66 63 67 0 34 36 1
0 68 69 65 3 37 35 1
0 70 67 71 0 36 38 1
0 72 73 69 3 39 37 1
0 74 71 75 0 38 40 1
0 76 77 73 3 41 39 1
0 78 75 79 0 40 1 1
0 80 81 77 3 5 41 1
0 1 82 83 1 42 43 1
0 1 83 2 1 43 2 1
0 2 83 7 2 43 6 1
0 83 84 7 43 44 6 1
0 7 84 85 6 44 45 1
0 7 85 11 6 45 8 1
0 11 85 15 8 45 10 1
0 85 86 15 45 46 10 1
0 15 86 87 10 46 47 1
0 15 87 19 10 47 12 1
0 19 87 23 12 47 14 1
0 87 88 23 47 48 14 1
0 23 88 89 14 48 49 1
0 23 89 27 14 49 16 1
0 27 89 31 16 49 18 1
0 89 90 31 49 50 18 1
0 31 90 91 18 50 51 1
0 31 91 35 18 51 20 1
0 35 91 39 20 51 22 1
0 91 92 39 51 52 22 1
0 39 92 93 22 52 53 1
0 39 93 43 22 53 24 1
0 43 93 47 24 53 26 1
0 93 94 47 53 54 26 1
0 47 94 95 26 54 55 1
0 47 95 51 26 55 28 1
0 51 95 55 28 55 30 1
0 95 96 55 55 56 30 1
0 55 96 97 30 56 57 1
0 55 97 59 30 57 32 1
0 59 97 63 32 57 34 1
0 97 98 63 57 58 34 1
0 63 98 99 34 58 59 1
0 63 99 67 34 59 36 1
0 67 99 71 36 59 38 1
0 99 100 71 59 60 38 1
0 71 100 101 38 60 61 1
0 71 101 75 38 61 40 1
0 75 101 79 40 61 1 1
0 101 102 79 61 42 1 1
0 82 103 83 42 62 43 1
0 103 104 83 62 63 43 1
0 83 104 105 43 63 64 1
0 83 105 84 43 64 44 1
0 84 105 85 44 64 45 1
0 105 106 85 64 65 45 1
0 85 106 107 45 65 66 1
0 85 107 86 45 66 46 1
0 86 107 87 46 66 47 1
0 107 108 87 66 67 47 1
0 87 108 109 47 67 68 1
0 87 109 88 47 68 48 1
0 88 109 89 48 68 49 1
0 109 110 89 68 69 49 1
0 89 110 111 49 69 70 1
0 89 111 90 49 70 50 1
0 90 111 91 50 70 51 1
0 111 112 91 70 71 51 1
0 91 112 113 51 71 72 1
0 91 113 92 51 72 52 1
0 92 113 93 52 72 53 1
0 113 114 93 72 73 53 1
0 93 114 115 53 73 74 1
0 93 115 94 53 74 54 1
0 94 115 95 54 74 55 1
0 115 116 95 74 75 55 1
0 95 116 117 55 75 76 1
0 95 117 96 55 76 56 1
0 96 117 97 56 76 57 1
0 117 118 97 76 77 57 1
0 97 118 119 57 77 78 1
0 97 119 98 57 78 58 1
0 98 119 99 58 78 59 1
0 119 120 99 78 79 59 1
0 99 120 121 59 79 80 1
0 99 121 100 59 80 60 1
0 100 121 101 60 80 61 1
0 121 122 101 80 81 61 1
0 101 122 123 61 81 62 1
0 101 123 102 61 62 42 1
0 103 124 125 62 82 83 1
0 103 125 104 62 83 63 1
0 104 125 105 63 83 64 1
0 125 126 105 83 84 64 1
0 105 126 127 64 84 85 1
0 105 127 106 64 85 65 1
0 106 127 107 65 85 66 1
0 127 128 107 85 86 66 1
0 107 128 129 66 86 87 1
0 107 129 108 66 87 67 1
0 108 129 109 67 87 68 1
0 129 130 109 87 88 68 1
0 109 130 131 68 88 89 1
0 109 131 110 68 89 69 1
0 110 131 111 69 89 70 1
0 131 132 111 89 90 70 1
0 111 132 133 70 90 91 1
0 111 133 112 70 91 71 1
0 112 133 113 71 91 72 1
0 133 134 113 91 92 72 1
0 113 134 135 72 92 93 1
0 113 135 114 72 93 73 1
0 114 135 115 73 93 74 1
0 135 136 115 93 94 74 1
0 115 136 137 74 94 95 1
0 115 137 116 74 95 75 1
0 116 137 117 75 95 76 1
0 137 138 117 95 96 76 1
0 117 138 139 76 96 97 1
0 117 139 118 76 97 77 1
0 118 139 119 77 97 78 1
0 139 140 119 97 98 78 1
0 119 140 141 78 98 99 1
0 119 141 120 78 99 79 1
0 120 141 121 79 99 80 1
0 141 142 121 99 100 80 1
0 121 142 143 80 100 101 1
0 121 143 122 80 101 81 1
0 122 143 123 81 101 62 1
0 143 144 123 101 82 62 1
0 124 145 125 82 102 83 1
0 145 146 125 102 103 83 1
0 125 146 147 83 103 104 1
0 125 147 126 83 104 84 1
0 126 147 127 84 104 85 1
0 147 148 127 104 105 85 1
0 127 148 149 85 105 106 1
0 127 149 128 85 106 86 1
0 128 149 129 86 106 87 1
0 149 150 129 106 107 87 1
0 129 150 151 87 107 108 1
0 129 151 130 87 108 88 1
0 130 151 131 88 108 89 1
0 151 152 131 108 109 89 1
0 131 152 153 89 109 110 1
0 131 153 132 89 110 90 1
0 132 153 133 90 110 91 1
0 153 154 133 110 111 91 1
0 133 154 155 91 111 112 1
0 133 155 134 91 112 92 1
0 134 155 135 92 112 93 1
0 155 156 135 112 113 93 1
0 135 156 157 93 113 114 1
0 135 157 136 93 114 94 1
0 136 157 137 94 114 95 1
0 157 158 137 114 115 95 1
0 137 158 159 95 115 116 1
0 137 159 138 95 116 96 1
0 138 159 139 96 116 97 1
0 159 160 139 116 117 97 1
0 139 160 161 97 117 118 1
0 139 161 140 97 118 98 1
0 140 161 141 98 118 99 1
0 161 162 141 118 119 99 1
0 141 162 163 99 119 120 1
0 141 163 142 99 120 100 1
0 142 163 143 100 120 101 1
0 163 164 143 120 121 101 1
0 143 164 165 101 121 102 1
0 143 165 144 101 102 82 1
0 145 166 167 102 122 123 1
0 145 167 146 102 123 103 1
0 146 167 147 103 123 104 1
0 167 168 147 123 124 104 1
0 147 168 169 104 124 125 1
0 147 169 148 104 125 105 1
0 148 169 149 105 125 106 1
0 169 170 149 125 126 106 1
0 149 170 171 106 126 127 1
0 149 171 150 106 127 107 1
0 150 171 151 107 127 108 1
0 171 172 151 127 128 108 1
0 151 172 173 108 128 129 1
0 151 173 152 108 129 109 1
0 152 173 153 109 129 110 1
0 173 174 153 129 130 110 1
0 153 174 175 110 130 131 1
0 153 175 154 110 131 111 1
0 154 175 155 111 131 112 1
0 175 176 155 131 132 112 1
0 155 176 177 112 132 133 1
0 155 177 156 112 133 113 1
0 156 177 157 113 133 114 1
0 177 178 157 133 134 114 1
0 157 178 179 114 134 135 1
0 157 179 158 114 135 115 1
0 158 179 159 115 135 116 1
0 179 180 159 135 136 116 1
0 159 180 181 116 136 137 1
0 159 181 160 116 137 117 1
0 160 181 161 117 137 118 1
0 181 182 161 137 138 118 1
0 161 182 183 118 138 139 1
0 161 183 162 118 139 119 1
0 162 183 163 119 139 120 1
0 183 184 163 139 140 120 1
0 163 184 185 120 140 141 1
0 163 185 164 120 141 121 1
0 164 185 165 121 141 102 1
0 185 186 165 141 122 102 1
0 166 187 167 122 142 123 1
0 187 188 167 142 143 123 1
0 167 188 189 123 143 144 1
0 167 189 168 123 144 124 1
0 168 189 169 124 144 125 1
0 189 190 169 144 145 125 1
0 169 190 191 125 145 146 1
0 169 191 170 125 146 126 1
0 170 191 171 126 146 127 1
0 191 192 171 146 147 127 1
0 171 192 193 127 147 148 1
0 171 193 172 127 148 128 1
0 172 193 173 128 148 129 1
0 193 194 173 148 149 129 1
0 173 194 195 129 149 150 1
0 173 195 174 129 150 130 1
0 174 195 175 130 150 131 1
0 195 196 175 150 151 131 1
0 175 196 197 131 151 152 1
0 175 197 176 131 152 132 1
0 176 197 177 132 152 133 1
0 197 198 177 152 153 133 1
0 177 198 199 133 153 154 1
0 177 199 178 133 154 134 1
0 178 199 179 134 154 135 1
0 199 200 179 154 155 135 1
0 179 200 201 135 155 156 1
0 179 201 180 135 156 136 1
0 180 201 181 136 156 137 1
0 201 202 181 156 157 137 1
0 181 202 203 137 157 158 1
0 181 203 182 137 158 138 1
0 182 203 183 138 158 139 1
0 203 204 183 158 159 139 1
0 183 204 205 139 159 160 1
0 183 205 184 139 160 140 1
0 184 205 185 140 160 141 1
0 205 206 185 160 161 141 1
0 185 206 207 141 161 142 1
0 185 207 186 141 142 122 1
0 187 208 209 142 162 163 1
0 187 209 188 142 163 143 1
0 188 209 189 143 163 144 1
0 209 210 189 163 164 144 1
0 189 210 211 144 164 165 1
0 189 211 190 144 165 145 1
0 190 211 191 145 165 146 1
0 211 212 191 165 166 146 1
0 191 212 213 146 166 167 1
0 191 213 192 146 167 147 1
0 192 213 193 147 167 148 1
0 213 214 193 167 168 148 1
0 193 214 215 148 168 169 1
0 193 215 194 148 169 149 1
0 194 215 195 149 169 150 1
0 215 216 195 169 170 150 1
0 195 216 217 150 170 171 1
0 195 217 196 150 171 151 1
0 196 217 197 151 171 152 1
0 217 218 197 171 172 152 1
0 197 218 219 152 172 173 1
0 197 219 198 152 173 153 1
0 198 219 199 153 173 154 1
0 219 220 199 173 174 154 1
0 199 220 221 154 174 175 1
0 199 221 200 154 175 155 1
0 200 221 201 155 175 156 1
0 221 222 201 175 176 156 1
0 201 222 223 156 176 177 1
0 201 223 202 156 177 157 1
0 202 223 203 157 177 158 1
0 223 224 203 177 178 158 1
0 203 224 225 158 178 179 1
0 203 225 204 158 179 159 1
0 204 225 205 159 179 160 1
0 225 226 205 179 180 160 1
0 205 226 227 160 180 181 1
0 205 227 206 160 181 161 1
0 206 227 207 161 181 142 1
0 227 228 207 181 162 142 1
0 208 229 209 162 182 163 1
0 229 230 209 182 183 163 1
0 209 230 231 163 183 184 1
0 209 231 210 163 184 164 1
0 210 231 211 164 184 165 1
0 231 232 211 184 185 165 1
0 211 232 233 165 185 186 1
0 211 233 212 165 186 166 1
0 212 233 213 166 186 167 1
0 233 234 213 186 187 167 1
0 213 234 235 167 187 188 1
0 213 235 214 167 188 168 1
0 214 235 215 168 188 169 1
0 235 236 215 188 189 169 1
0 215 236 237 169 189 190 1
0 215 237 216 169 190 170 1
0 216 237 217 170 190 171 1
0 237 238 217 190 191 171 1
0 217 238 239 171 191 192 1
0 217 239 218 171 192 172 1
0 218 239 219 172 192 173 1
0 239 240 219 192 193 173 1
0 219 240 241 173 193 194 1
0 219 241 220 173 194 174 1
0 220 241 221 174 194 175 1
0 241 242 221 194 195 175 1
0 221 242 243 175 195 196 1
0 221 243 222 175 196 176 1
0 222 243 223 176 196 177 1
0 243 244 223 196 197 177 1
0 223 244 245 177 197 198 1
0 223 245 224 177 198 178 1
0 224 245 225 178 198 179 1
0 245 246 225 198 199 179 1
0 225 246 247 179 199 200 1
0 225 247 226 179 200 180 1
0 226 247 227 180 200 181 1
0 247 248 227 200 201 181 1
0 227 248 249 181 201 182 1
0 227 249 228 181 182 162 1
0 229 250 251 182 202 203 1
0 229 251 230 182 203 183 1
0 230 251 231 183 203 184 1
0 251 252 231 203 204 184 1
0 231 252 253 184 204 205 1
0 231 253 232 184 205 185 1
0 232 253 233 185 205 186 1
0 253 254 233 205 206 186 1
0 233 254 255 186 206 207 1
0 233 255 234 186 207 187 1
0 234 255 235 187 207 188 1
0 255 256 235 207 208 188 1
0 235 256 257 188 208 209 1
0 235 257 236 188 209 189 1
0 236 257 237 189 209 190 1
0 257 258 237 209 210 190 1
0 237 258 259 190 210 211 1
0 237 259 238 190 211 191 1
0 238 259 239 191 211 192 1
0 259 260 239 211 212 192 1
0 239 260 261 192 212 213 1
0 239 261 240 192 213 193 1
0 240 261 241 193 213 194 1
0 261 262 241 213 214 194 1
0 241 262 263 194 214 215 1
0 241 263 242 194 215 195 1
0 242 263 243 195 215 196 1
0 263 264 243 215 216 196 1
0 243 264 265 196 216 217 1
0 243 265 244 196 217 197 1
0 244 265 245 197 217 198 1
0 265 266 245 217 218 198 1
0 245 266 267 198 218 219 1
0 245 267 246 198 219 199 1
0 246 267 247 199 219 200 1
0 267 268 247 219 220 200 1
0 247 268 269 200 220 221 1
0 247 269 248 200 221 201 1
0 248 269 249 201 221 182 1
0 269 270 249 221 202 182 1
0 250 271 251 202 222 203 1
0 271 272 251 222 223 203 1
0 251 272 273 203 223 224 1
0 251 273 252 203 224 204 1
0 252 273 253 204 224 205 1
0 273 274 253 224 225 205 1
0 253 274 275 205 225 226 1
0 253 275 254 205 226 206 1
0 254 275 255 206 226 207 1
0 275 276 255 226 227 207 1
0 255 276 277 207 227 228 1
0 255 277 256 207 228 208 1
0 256 277 257 208 228 209 1
0 277 278 257 228 229 209 1
0 257 278 279 209 229 230 1
0 257 279 258 209 230 210 1
0 258 279 259 210 230 211 1
0 279 280 259 230 231 211 1
0 259 280 281 211 231 232 1
0 259 281 260 211 232 212 1
0 260 281 261 212 232 213 1
0 281 282 261 232 233 213 1
0 261 282 283 213 233 234 1
0 261 283 262 213 234 214 1
0 262 283 263 214 234 215 1
0 283 284 263 234 235 215 1
0 263 284 285 215 235 236 1
0 263 285 264 215 236 216 1
0 264 285 265 216 236 217 1
0 285 286 265 236 237 217 1
0 265 286 287 217 237 238 1
0 265 287 266 217 238 218 1
0 266 287 267 218 238 219 1
0 287 288 267 238 239 219 1
0 267 288 289 219 239 240 1
0 267 289 268 219 240 220 1
0 268 289 269 220 240 221 1
0 289 290 269 240 241 221 1
0 269 290 291 221 241 222 1
0 269 291 270 221 222 202 1
0 271 292 293 222 242 243 1
0 271 293 272 222 243 223 1
0 272 293 273 223 243 224 1
0 293 294 273 243 244 224 1
0 273 294 295 224 244 245 1
0 273 295 274 224 245 225 1
0 274 295 275 225 245 226 1
0 295 296 275 245 246 226 1
0 275 296 297 226 246 247 1
0 275 297 276 226 247 227 1
0 276 297 277 227 247 228 1
0 297 298 277 247 248 228 1
0 277 298 299 228 248 249 1
0 277 299 278 228 249 229 1
0 278 299 279 229 249 230 1
0 299 300 279 249 250 230 1
0 279 300 301 230 250 251 1
0 279 301 280 230 251 231 1
0 280 301 281 231 251 232 1
0 301 302 281 251 252 232 1
0 281 302 303 232 252 253 1
0 281 303 282 232 253 233 1
0 282 303 283 233 253 234 1
0 303 304 283 253 254 234 1
0 283 304 305 234 254 255 1
0 283 305 284 234 255 235 1
0 284 305 285 235 255 236 1
0 305 306 285 255 256 236 1
0 285 306 307 236 256 257 1
0 285 307 286 236 257 237 1
0 286 307 287 237 257 238 1
0 307 308 287 257 258 238 1
0 287 308 309 238 258 259 1
0 287 309 288 238 259 239 1
0 288 309 289 239 259 240 1
0 309 310 289 259 260 240 1
0 289 310 311 240 260 261 1
0 289 311 290 240 261 241 1
0 290 311 291 241 261 222 1
0 311 312 291 261 242 222 1
0 292 313 293 242 262 243 1
0 313 314 293 262 263 243 1
0 293 314 315 243 263 264 1
0 293 315 294 243 264 244 1
0 294 315 295 244 264 245 1
0 315 316 295 264 265 245 1
0 295 316 317 245 265 266 1
0 295 317 296 245 266 246 1
0 296 317 297 246 266 247 1
0 317 318 297 266 267 247 1
0 297 318 319 247 267 268 1
0 297 319 298 247 268 248 1
0 298 319 299 248 268 249 1
0 319 320 299 268 269 249 1
0 299 320 321 249 269 270 1
0 299 321 300 249 270 250 1
0 300 321 301 250 270 251 1
0 321 322 301 270 271 251 1
0 301 322 323 251 271 272 1
0 301 323 302 251 272 252 1
0 302 323 303 252 272 253 1
0 323 324 303 272 273 253 1
0 303 324 325 253 273 274 1
0 303 325 304 253 274 254 1
0 304 325 305 254 274 255 1
0 325 326 305 274 275 255 1
0 305 326 327 255 275 276 1
0 305 327 306 255 276 256 1
0 306 327 307 256 276 257 1
0 327 328 307 276 277 257 1
0 307 328 329 257 277 278 1
0 307 329 308 257 278 258 1
0 308 329 309 258 278 259 1
0 329 330 309 278 279 259 1
0 309 330 331 259 279 280 1
0 309 331 310 259 280 260 1
0 310 331 311 260 280 261 1
0 331 332 311 280 281 261 1
0 311 332 333 261 281 262 1
0 311 333 312 261 262 242 1
0 313 5 4 262 5 4 1
0 313 4 314 262 4 263 1
0 314 4 315 263 4 264 1
0 4 9 315 4 7 264 1
0 315 9 13 264 7 9 1
0 315 13 316 264 9 265 1
0 316 13 317 265 9 266 1
0 13 17 317 9 11 266 1
0 317 17 21 266 11 13 1
0 317 21 318 266 13 267 1
0 318 21 319 267 13 268 1
0 21 25 319 13 15 268 1
0 319 25 29 268 15 17 1
0 319 29 320 268 17 269 1
0 320 29 321 269 17 270 1
0 29 33 321 17 19 270 1
0 321 33 37 270 19 21 1
0 321 37 322 270 21 271 1
0 322 37 323 271 21 272 1
0 37 41 323 21 23 272 1
0 323 41 45 272 23 25 1
0 323 45 324 272 25 273 1
0 324 45 325 273 25 274 1
0 45 49 325 25 27 274 1
0 325 49 53 274 27 29 1
0 325 53 326 274 29 275 1
0 326 53 327 275 29 276 1
0 53 57 327 29 31 276 1
0 327 57 61 276 31 33 1
0 327 61 328 276 33 277 1
0 328 61 329 277 33 278 1
0 61 65 329 33 35 278 1
0 329 65 69 278 35 37 1
0 329 69 330 278 37 279 1
0 330 69 331 279 37 280 1
0 69 73 331 37 39 280 1
0 331 73 77 280 39 41 1
0 331 77 332 280 41 281 1
0 332 77 333 281 41 262 1
0 77 81 333 41 5 262 1
"BallInside" 0 0
334
0 3.954655 -19.562952 1.340171 0.199514 1.089175 -1
0 4.158173 -19.562952 0.055206 0.000000 1.089175 -1
0 -0.000061 -20.000000 0.055206 0.000000 1.179939 -1
0 4.158171 19.562952 0.055206 0.000000 -0.090761 -1
0 3.954653 19.562952 1.340171 0.199514 -0.090761 -1
0 -0.000061 20.000000 0.055206 0.000000 -0.181525 -1
0 3.364021 -19.562952 2.499355 0.399029 1.089175 -1
0 -0.000061 -20.000000 0.055206 0.199514 1.179939 -1
0 3.364020 19.562952 2.499354 0.399029 -0.090761 -1
0 -0.000061 20.000000 0.055206 0.199514 -0.181525 -1
0 2.444088 -19.562952 3.419288 0.598543 1.089175 -1
0 -0.000061 -20.000000 0.055206 0.399029 1.179939 -1
0 2.444087 19.562952 3.419287 0.598543 -0.090761 -1
0 -0.000061 20.000000 0.055206 0.399029 -0.181525 -1
0 1.284904 -19.562952 4.009922 0.798058 1.089175 -1
0 -0.000061 -20.000000 0.055206 0.598543 1.179939 -1
0 1.284903 19.562952 4.009920 0.798058 -0.090761 -1
0 -0.000061 20.000000 0.055206 0.598543 -0.181525 -1
0 -0.000061 -19.562952 4.213440 0.997572 1.089175 -1
0 -0.000061 -20.000000 0.055206 0.798058 1.179939 -1
0 -0.000061 19.562952 4.213439 0.997572 -0.090761 -1
0 -0.000061 20.000000 0.055206 0.798058 -0.181525 -1
0 -1.285026 -19.562952 4.009922 1.197086 1.089175 -1
0 -0.000061 -20.000000 0.055206 0.997572 1.179939 -1
0 -1.285025 19.562952 4.009920 1.197086 -0.090761 -1
0 -0.000061 20.000000 0.055206 0.997572 -0.181525 -1
0 -2.444210 -19.562952 3.419288 1.396601 1.089175 -1
0 -0.000061 -20.000000 0.055206 1.197086 1.179939 -1
0 -2.444209 19.562952 3.419287 1.396601 -0.090761 -1
0 -0.000061 20.000000 0.055206 1.197086 -0.181525 -1
0 -3.364143 -19.562952 2.499355 1.596115 1.089175 -1
0 -0.000061 -20.000000 0.055206 1.396601 1.179939 -1
0 -3.364142 19.562952 2.499354 1.596115 -0.090761 -1
0 -0.000061 20.000000 0.055206 1.396601 -0.181525 -1
0 -3.954777 -19.562952 1.340171 1.795630 1.089175 -1
0 -0.000061 -20.000000 0.055206 1.596115 1.179939 -1
0 -3.954775 19.562952 1.340171 1.795630 -0.090761 -1
0 -0.000061 20.000000 0.055206 1.596115 -0.181525 -1
0 -4.158295 -19.562952 0.055206 1.995144 1.089175 -1
0 -0.000061 -20.000000 0.055206 1.795630 1.179939 -1
0 -4.158293 19.562952 0.055206 1.995144 -0.090761 -1
0 -0.000061 20.000000 0.055206 1.795630 -0.181525 -1
0 -3.954777 -19.562952 -1.229759 2.194659 1.089175 -1
0 -0.000061 -20.000000 0.055206 1.995144 1.179939 -1
0 -3.954775 19.562952 -1.229758 2.194659 -0.090761 -1
0 -0.000061 20.000000 0.055206 1.995144 -0.181525 -1
0 -3.364143 -19.562952 -2.388942 2.394172 1.089175 -1
0 -0.000061 -20.000000 0.055206 2.194659 1.179939 -1
0 -3.364142 19.562952 -2.388941 2.394172 -0.090761 -1
0 -0.000061 20.000000 0.055206 2.194659 -0.181525 -1
0 -2.444210 -19.562952 -3.308876 2.593687 1.089175 -1
0 -0.000061 -20.000000 0.055206 2.394172 1.179939 -1
0 -2.444209 19.562952 -3.308874 2.593687 -0.090761 -1
0 -0.000061 20.000000 0.055206 2.394172 -0.181525 -1
0 -1.285026 -19.562952 -3.899509 2.793202 1.089175 -1
0 -0.000061 -20.000000 0.055206 2.593687 1.179939 -1
0 -1.285025 19.562952 -3.899508 2.793202 -0.090761 -1
0 -0.000061 20.000000 0.055206 2.593687 -0.181525 -1
0 -0.000061 -19.562952 -4.103028 2.992717 1.089175 -1
0 -0.000061 -20.000000 0.055206 2.793202 1.179939 -1
0 -0.000061 19.562952 -4.103026 2.992717 -0.090761 -1
0 -0.000061 20.000000 0.055206 2.793202 -0.181525 -1
0 1.284904 -19.562952 -3.899509 3.192230 1.089175 -1
0 -0.000061 -20.000000 0.055206 2.992717 1.179939 -1
0 1.284903 19.562952 -3.899508 3.192230 -0.090761 -1
0 -0.000061 20.000000 0.055206 2.992717 -0.181525 -1
0 2.444088 -19.562952 -3.308876 3.391745 1.089175 -1
0 -0.000061 -20.000000 0.055206 3.192230 1.179939 -1
0 2.444087 19.562952 -3.308874 3.391745 -0.090761 -1
0 -0.000061 20.000000 0.055206 3.192230 -0.181525 -1
0 3.364021 -19.562952 -2.388942 3.591260 1.089175 -1
0 -0.000061 -20.000000 0.055206 3.391745 1.179939 -1
0 3.364020 19.562952 -2.388941 3.591260 -0.090761 -1
0 -0.000061 20.000000 0.055206 3.391745 -0.181525 -1
0 3.954655 -19.562952 -1.229759 3.790773 1.089175 -1
0 -0.000061 -20.000000 0.055206 3.591260 1.179939 -1
0 3.954653 19.562952 -1.229758 3.790773 -0.090761 -1
0 -0.000061 20.000000 0.055206 3.591260 -0.181525 -1
0 4.158173 -19.562952 0.055206 3.990289 1.089175 -1
0 -0.000061 -20.000000 0.055206 3.790773 1.179939 -1
0 4.158171 19.562952 0.055206 3.990289 -0.090761 -1
0 -0.000061 20.000000 0.055206 3.790773 -0.181525 -1
0 7.736530 -18.270908 2.568977 0.199514 0.998410 -1
0 8.134672 -18.270908 0.055206 0.000000 0.998410 -1
0 6.581076 -18.270908 4.836682 0.399029 0.998410 -1
0 4.781415 -18.270908 6.636343 0.598543 0.998410 -1
0 2.513710 -18.270908 7.791797 0.798058 0.998410 -1
0 -0.000061 -18.270908 8.189939 0.997572 0.998410 -1
0 -2.513832 -18.270908 7.791797 1.197086 0.998410 -1
0 -4.781537 -18.270908 6.636343 1.396601 0.998410 -1
0 -6.581198 -18.270908 4.836682 1.596115 0.998410 -1
0 -7.736652 -18.270908 2.568977 1.795630 0.998410 -1
0 -8.134794 -18.270908 0.055206 1.995144 0.998410 -1
0 -7.736652 -18.270908 -2.458565 2.194659 0.998410 -1
0 -6.581198 -18.270908 -4.726270 2.394172 0.998410 -1
0 -4.781537 -18.270908 -6.525931 2.593687 0.998410 -1
0 -2.513832 -18.270908 -7.681385 2.793202 0.998410 -1
0 -0.000061 -18.270908 -8.079527 2.992717 0.998410 -1
0 2.513710 -18.270908 -7.681385 3.192230 0.998410 -1
0 4.781415 -18.270908 -6.525931 3.391745 0.998410 -1
0 6.581076 -18.270908 -4.726270 3.591260 0.998410 -1
0 7.736530 -18.270908 -2.458565 3.790773 0.998410 -1
0 8.134672 -18.270908 0.055206 3.990289 0.998410 -1
0 11.755644 -16.180340 0.055206 0.000000 0.907646 -1
0 11.180279 -16.180340 3.687919 0.199514 0.907646 -1
0 9.510504 -16.180340 6.965036 0.399029 0.907646 -1
0 6.909769 -16.180340 9.565771 0.598543 0.907646 -1
0 3.632652 -16.180340 11.235546 0.798058 0.907646 -1
0 -0.000061 -16.180340 11.810911 0.997572 0.907646 -1
0 -3.632774 -16.180340 11.235546 1.197086 0.907646 -1
0 -6.909891 -16.180340 9.565771 1.396601 0.907646 -1
0 -9.510626 -16.180340 6.965036 1.596115 0.907646 -1
0 -11.180401 -16.180340 3.687919 1.795630 0.907646 -1
0 -11.755766 -16.180340 0.055206 1.995144 0.907646 -1
0 -11.180401 -16.180340 -3.577506 2.194659 0.907646 -1
0 -9.510626 -16.180340 -6.854624 2.394172 0.907646 -1
0 -6.909891 -16.180340 -9.455359 2.593687 0.907646 -1
0 -3.632774 -16.180340 -11.125134 2.793202 0.907646 -1
0 -0.000061 -16.180340 -11.700499 2.992717 0.907646 -1
0 3.632652 -16.180340 -11.125134 3.192230 0.907646 -1
0 6.909769 -16.180340 -9.455359 3.391745 0.907646 -1
0 9.510504 -16.180340 -6.854624 3.591260 0.907646 -1
0 11.180279 -16.180340 -3.577506 3.790773 0.907646 -1
0 11.755644 -16.180340 0.055206 3.990289 0.907646 -1
0 14.135395 -13.382612 4.648094 0.199514 0.816882 -1
0 14.862837 -13.382612 0.055206 0.000000 0.816882 -1
0 12.024276 -13.382612 8.791398 0.399029 0.816882 -1
0 8.736131 -13.382612 12.079543 0.598543 0.816882 -1
0 4.592827 -13.382612 14.190662 0.798058 0.816882 -1
0 -0.000061 -13.382612 14.918104 0.997572 0.816882 -1
0 -4.592949 -13.382612 14.190662 1.197086 0.816882 -1
0 -8.736253 -13.382612 12.079543 1.396601 0.816882 -1
0 -12.024398 -13.382612 8.791398 1.596115 0.816882 -1
0 -14.135517 -13.382612 4.648094 1.795630 0.816882 -1
0 -14.862959 -13.382612 0.055206 1.995144 0.816882 -1
0 -14.135517 -13.382612 -4.537682 2.194659 0.816882 -1
0 -12.024398 -13.382612 -8.680985 2.394172 0.816882 -1
0 -8.736253 -13.382612 -11.969131 2.593687 0.816882 -1
0 -4.592949 -13.382612 -14.080250 2.793202 0.816882 -1
0 -0.000061 -13.382612 -14.807692 2.992717 0.816882 -1
0 4.592827 -13.382612 -14.080250 3.192230 0.816882 -1
0 8.736131 -13.382612 -11.969131 3.391745 0.816882 -1
0 12.024276 -13.382612 -8.680985 3.591260 0.816882 -1
0 14.135395 -13.382612 -4.537682 3.790773 0.816882 -1
0 14.862837 -13.382612 0.055206 3.990289 0.816882 -1
0 17.320448 -9.999999 0.055206 0.000000 0.726117 -1
0 16.472723 -9.999999 5.407538 0.199514 0.726117 -1
0 14.012526 -9.999999 10.235946 0.399029 0.726117 -1
0 10.180678 -9.999999 14.067793 0.598543 0.726117 -1
0 5.352271 -9.999999 16.527990 0.798058 0.726117 -1
0 -0.000061 -9.999999 17.375715 0.997572 0.726117 -1
0 -5.352393 -9.999999 16.527990 1.197086 0.726117 -1
0 -10.180800 -9.999999 14.067793 1.396601 0.726117 -1
0 -14.012648 -9.999999 10.235946 1.596115 0.726117 -1
0 -16.472845 -9.999999 5.407538 1.795630 0.726117 -1
0 -17.320570 -9.999999 0.055206 1.995144 0.726117 -1
0 -16.472845 -9.999999 -5.297125 2.194659 0.726117 -1
0 -14.012648 -9.999999 -10.125533 2.394172 0.726117 -1
0 -10.180800 -9.999999 -13.957380 2.593687 0.726117 -1
0 -5.352393 -9.999999 -16.417578 2.793202 0.726117 -1
0 -0.000061 -9.999999 -17.265303 2.992717 0.726117 -1
0 5.352271 -9.999999 -16.417578 3.192230 0.726117 -1
0 10.180678 -9.999999 -13.957380 3.391745 0.726117 -1
0 14.012526 -9.999999 -10.125533 3.591260 0.726117 -1
0 16.472723 -9.999999 -5.297125 3.790773 0.726117 -1
0 17.320448 -9.999999 0.055206 3.990289 0.726117 -1
0 18.090109 -6.180339 5.933059 0.199514 0.635353 -1
0 19.021070 -6.180339 0.055206 0.000000 0.635353 -1
0 15.388357 -6.180339 11.235546 0.399029 0.635353 -1
0 11.180279 -6.180339 15.443624 0.598543 0.635353 -1
0 5.877792 -6.180339 18.145376 0.798058 0.635353 -1
0 -0.000061 -6.180339 19.076338 0.997572 0.635353 -1
0 -5.877914 -6.180339 18.145376 1.197086 0.635353 -1
0 -11.180401 -6.180339 15.443624 1.396601 0.635353 -1
0 -15.388479 -6.180339 11.235546 1.596115 0.635353 -1
0 -18.090231 -6.180339 5.933059 1.795630 0.635353 -1
0 -19.021193 -6.180339 0.055206 1.995144 0.635353 -1
0 -18.090231 -6.180339 -5.822647 2.194659 0.635353 -1
0 -15.388479 -6.180339 -11.125134 2.394172 0.635353 -1
0 -11.180401 -6.180339 -15.333212 2.593687 0.635353 -1
0 -5.877914 -6.180339 -18.034964 2.793202 0.635353 -1
0 -0.000061 -6.180339 -18.965925 2.992717 0.635353 -1
0 5.877792 -6.180339 -18.034964 3.192230 0.635353 -1
0 11.180279 -6.180339 -15.333212 3.391745 0.635353 -1
0 15.388357 -6.180339 -11.125134 3.591260 0.635353 -1
0 18.090109 -6.180339 -5.822647 3.790773 0.635353 -1
0 19.021070 -6.180339 0.055206 3.990289 0.635353 -1
0 19.890377 -2.090569 0.055206 0.000000 0.544589 -1
0 18.916870 -2.090569 6.201690 0.199514 0.544589 -1
0 16.091642 -2.090569 11.746512 0.399029 0.544589 -1
0 11.691245 -2.090569 16.146910 0.598543 0.544589 -1
0 6.146422 -2.090569 18.972137 0.798058 0.544589 -1
0 -0.000061 -2.090569 19.945644 0.997572 0.544589 -1
0 -6.146544 -2.090569 18.972137 1.197086 0.544589 -1
0 -11.691367 -2.090569 16.146910 1.396601 0.544589 -1
0 -16.091764 -2.090569 11.746512 1.596115 0.544589 -1
0 -18.916992 -2.090569 6.201690 1.795630 0.544589 -1
0 -19.890499 -2.090569 0.055206 1.995144 0.544589 -1
0 -18.916992 -2.090569 -6.091277 2.194659 0.544589 -1
0 -16.091764 -2.090569 -11.636100 2.394172 0.544589 -1
0 -11.691367 -2.090569 -16.036497 2.593687 0.544589 -1
0 -6.146544 -2.090569 -18.861725 2.793202 0.544589 -1
0 -0.000061 -2.090569 -19.835232 2.992717 0.544589 -1
0 6.146422 -2.090569 -18.861725 3.192230 0.544589 -1
0 11.691245 -2.090569 -16.036497 3.391745 0.544589 -1
0 16.091642 -2.090569 -11.636100 3.591260 0.544589 -1
0 18.916870 -2.090569 -6.091277 3.790773 0.544589 -1
0 19.890377 -2.090569 0.055206 3.990289 0.544589 -1
0 18.916870 2.090570 6.201690 0.199514 0.453825 -1
0 19.890377 2.090570 0.055206 0.000000 0.453825 -1
0 16.091642 2.090570 11.746512 0.399029 0.453825 -1
0 11.691245 2.090570 16.146910 0.598543 0.453825 -1
0 6.146422 2.090570 18.972137 0.798058 0.453825 -1
0 -0.000061 2.090570 19.945644 0.997572 0.453825 -1
0 -6.146544 2.090570 18.972137 1.197086 0.453825 -1
0 -11.691367 2.090570 16.146910 1.396601 0.453825 -1
0 -16.091764 2.090570 11.746512 1.596115 0.453825 -1
0 -18.916992 2.090570 6.201690 1.795630 0.453825 -1
0 -19.890499 2.090570 0.055206 1.995144 0.453825 -1
0 -18.916992 2.090570 -6.091277 2.194659 0.453825 -1
0 -16.091764 2.090570 -11.636100 2.394172 0.453825 -1
0 -11.691367 2.090570 -16.036497 2.593687 0.453825 -1
0 -6.146544 2.090570 -18.861725 2.793202 0.453825 -1
0 -0.000061 2.090570 -19.835232 2.992717 0.453825 -1
0 6.146422 2.090570 -18.861725 3.192230 0.453825 -1
0 11.691245 2.090570 -16.036497 3.391745 0.453825 -1
0 16.091642 2.090570 -11.636100 3.591260 0.453825 -1
0 18.916870 2.090570 -6.091277 3.790773 0.453825 -1
0 19.890377 2.090570 0.055206 3.990289 0.453825 -1
0 19.021069 6.180341 0.055206 0.000000 0.363060 -1
0 18.090109 6.180341 5.933059 0.199514 0.363060 -1
0 15.388356 6.180341 11.235545 0.399029 0.363060 -1
0 11.180278 6.180341 15.443624 0.598543 0.363060 -1
0 5.877791 6.180341 18.145376 0.798058 0.363060 -1
0 -0.000061 6.180341 19.076336 0.997572 0.363060 -1
0 -5.877913 6.180341 18.145376 1.197086 0.363060 -1
0 -11.180400 6.180341 15.443624 1.396601 0.363060 -1
0 -15.388478 6.180341 11.235545 1.596115 0.363060 -1
0 -18.090231 6.180341 5.933059 1.795630 0.363060 -1
0 -19.021191 6.180341 0.055206 1.995144 0.363060 -1
0 -18.090231 6.180341 -5.822646 2.194659 0.363060 -1
0 -15.388478 6.180341 -11.125133 2.394172 0.363060 -1
0 -11.180400 6.180341 -15.333211 2.593687 0.363060 -1
0 -5.877913 6.180341 -18.034964 2.793202 0.363060 -1
0 -0.000061 6.180341 -18.965923 2.992717 0.363060 -1
0 5.877791 6.180341 -18.034964 3.192230 0.363060 -1
0 11.180278 6.180341 -15.333211 3.391745 0.363060 -1
0 15.388356 6.180341 -11.125133 3.591260 0.363060 -1
0 18.090109 6.180341 -5.822646 3.790773 0.363060 -1
0 19.021069 6.180341 0.055206 3.990289 0.363060 -1
0 16.472721 10.000001 5.407537 0.199514 0.272296 -1
0 17.320446 10.000001 0.055206 0.000000 0.272296 -1
0 14.012525 10.000001 10.235945 0.399029 0.272296 -1
0 10.180677 10.000001 14.067792 0.598543 0.272296 -1
0 5.352270 10.000001 16.527988 0.798058 0.272296 -1
0 -0.000061 10.000001 17.375713 0.997572 0.272296 -1
0 -5.352392 10.000001 16.527988 1.197086 0.272296 -1
0 -10.180799 10.000001 14.067792 1.396601 0.272296 -1
0 -14.012647 10.000001 10.235945 1.596115 0.272296 -1
0 -16.472843 10.000001 5.407537 1.795630 0.272296 -1
0 -17.320568 10.000001 0.055206 1.995144 0.272296 -1
0 -16.472843 10.000001 -5.297125 2.194659 0.272296 -1
0 -14.012647 10.000001 -10.125532 2.394172 0.272296 -1
0 -10.180799 10.000001 -13.957379 2.593687 0.272296 -1
0 -5.352392 10.000001 -16.417576 2.793202 0.272296 -1
0 -0.000061 10.000001 -17.265301 2.992717 0.272296 -1
0 5.352270 10.000001 -16.417576 3.192230 0.272296 -1
0 10.180677 10.000001 -13.957379 3.391745 0.272296 -1
0 14.012525 10.000001 -10.125532 3.591260 0.272296 -1
0 16.472721 10.000001 -5.297125 3.790773 0.272296 -1
0 17.320446 10.000001 0.055206 3.990289 0.272296 -1
0 14.862835 13.382613 0.055206 0.000000 0.181532 -1
0 14.135393 13.382613 4.648094 0.199514 0.181532 -1
0 12.024275 13.382613 8.791397 0.399029 0.181532 -1
0 8.736130 13.382613 12.079542 0.598543 0.181532 -1
0 4.592826 13.382613 14.190660 0.798058 0.181532 -1
0 -0.000061 13.382613 14.918102 0.997572 0.181532 -1
0 -4.592948 13.382613 14.190660 1.197086 0.181532 -1
0 -8.736252 13.382613 12.079542 1.396601 0.181532 -1
0 -12.024397 13.382613 8.791397 1.596115 0.181532 -1
0 -14.135515 13.382613 4.648094 1.795630 0.181532 -1
0 -14.862957 13.382613 0.055206 1.995144 0.181532 -1
0 -14.135515 13.382613 -4.537681 2.194659 0.181532 -1
0 -12.024397 13.382613 -8.680984 2.394172 0.181532 -1
0 -8.736252 13.382613 -11.969130 2.593687 0.181532 -1
0 -4.592948 13.382613 -14.080248 2.793202 0.181532 -1
0 -0.000061 13.382613 -14.807690 2.992717 0.181532 -1
0 4.592826 13.382613 -14.080248 3.192230 0.181532 -1
0 8.736130 13.382613 -11.969130 3.391745 0.181532 -1
0 12.024275 13.382613 -8.680984 3.591260 0.181532 -1
0 14.135393 13.382613 -4.537681 3.790773 0.181532 -1
0 14.862835 13.382613 0.055206 3.990289 0.181532 -1
0 11.180278 16.180340 3.687919 0.199514 0.090767 -1
0 11.755643 16.180340 0.055206 0.000000 0.090767 -1
0 9.510503 16.180340 6.965035 0.399029 0.090767 -1
0 6.909768 16.180340 9.565770 0.598543 0.090767 -1
0 3.632651 16.180340 11.235545 0.798058 0.090767 -1
0 -0.000061 16.180340 11.810910 0.997572 0.090767 -1
0 -3.632773 16.180340 11.235545 1.197086 0.090767 -1
0 -6.909890 16.180340 9.565770 1.396601 0.090767 -1
0 -9.510625 16.180340 6.965035 1.596115 0.090767 -1
0 -11.180400 16.180340 3.687919 1.795630 0.090767 -1
0 -11.755765 16.180340 0.055206 1.995144 0.090767 -1
0 -11.180400 16.180340 -3.577506 2.194659 0.090767 -1
0 -9.510625 16.180340 -6.854623 2.394172 0.090767 -1
0 -6.909890 16.180340 -9.455358 2.593687 0.090767 -1
0 -3.632773 16.180340 -11.125133 2.793202 0.090767 -1
0 -0.000061 16.180340 -11.700498 2.992717 0.090767 -1
0 3.632651 16.180340 -11.125133 3.192230 0.090767 -1
0 6.909768 16.180340 -9.455358 3.391745 0.090767 -1
0 9.510503 16.180340 -6.854623 3.591260 0.090767 -1
0 11.180278 16.180340 -3.577506 3.790773 0.090767 -1
0 11.755643 16.180340 0.055206 3.990289 0.090767 -1
0 8.134670 18.270910 0.055206 0.000000 0.000003 -1
0 7.736529 18.270910 2.568977 0.199514 0.000003 -1
0 6.581075 18.270910 4.836681 0.399029 0.000003 -1
0 4.781414 18.270910 6.636343 0.598543 0.000003 -1
0 2.513709 18.270910 7.791796 0.798058 0.000003 -1
0 -0.000061 18.270910 8.189938 0.997572 0.000003 -1
0 -2.513831 18.270910 7.791796 1.197086 0.000003 -1
0 -4.781536 18.270910 6.636343 1.396601 0.000003 -1
0 -6.581197 18.270910 4.836681 1.596115 0.000003 -1
0 -7.736651 18.270910 2.568977 1.795630 0.000003 -1
0 -8.134792 18.270910 0.055206 1.995144 0.000003 -1
0 -7.736651 18.270910 -2.458564 2.194659 0.000003 -1
0 -6.581197 18.270910 -4.726269 2.394172 0.000003 -1
0 -4.781536 18.270910 -6.525930 2.593687 0.000003 -1
0 -2.513831 18.270910 -7.681384 2.793202 0.000003 -1
0 -0.000061 18.270910 -8.079525 2.992717 0.000003 -1
0 2.513709 18.270910 -7.681384 3.192230 0.000003 -1
0 4.781414 18.270910 -6.525930 3.391745 0.000003 -1
0 6.581075 18.270910 -4.726269 3.591260 0.000003 -1
0 7.736529 18.270910 -2.458564 3.790773 0.000003 -1
0 8.134670 18.270910 0.055206 3.990289 0.000003 -1
282
-0.197684 0.978159 -0.064231
-0.241985 0.970280 0.000000
0.000000 1.000000 0.000000
-0.207857 -0.978159 0.000000
-0.230141 -0.970280 -0.074777
-0.000000 -1.000000 -0.000000
-0.195770 0.970280 -0.142235
-0.168160 -0.978159 -0.122175
-0.122175 0.978159 -0.168160
-0.142235 -0.970280 -0.195769
-0.074777 0.970280 -0.230141
-0.064231 -0.978159 -0.197684
0.000000 0.978159 -0.207857
0.000000 -0.970280 -0.241984
0.074777 0.970280 -0.230141
0.064231 -0.978159 -0.197684
0.122175 0.978159 -0.168160
0.142235 -0.970280 -0.195769
0.195770 0.970280 -0.142235
0.168160 -0.978159 -0.122175
0.197684 0.978159 -0.064231
0.230141 -0.970280 -0.074777
0.241985 0.970280 0.000000
0.207857 -0.978159 0.000000
0.197684 0.978159 0.064231
0.230141 -0.970280 0.074777
0.195770 0.970280 0.142235
0.168160 -0.978159 0.122175
0.122175 0.978159 0.168160
0.142235 -0.970280 0.195769
0.074777 0.970280 0.230141
0.064231 -0.978159 0.197684
0.000000 0.978159 0.207857
-0.000000 -0.970280 0.241984
-0.074777 0.970280 0.230141
-0.064231 -0.978159 0.197684
-0.122175 0.978159 0.168160
-0.142235 -0.970280 0.195769
-0.195770 0.970280 0.142235
-0.168160 -0.978159 0.122175
-0.197684 0.978159 0.064231
-0.230141 -0.970280 0.074777
-0.386741 0.913587 -0.125660
-0.406644 0.913587 0.000000
-0.328982 0.913587 -0.239019
-0.239019 0.913587 -0.328982
-0.125660 0.913587 -0.386741
-0.000000 0.913587 -0.406644
0.125660 0.913587 -0.386741
0.239019 0.913587 -0.328982
0.328982 0.913587 -0.239019
0.386741 0.913587 -0.125660
0.406644 0.913587 0.000000
0.386741 0.913587 0.125660
0.328982 0.913587 0.239019
0.239019 0.913587 0.328982
0.125660 0.913587 0.386741
0.000000 0.913587 0.406644
-0.125660 0.913587 0.386741
-0.239019 0.913587 0.328982
-0.328982 0.913587 0.239019
-0.386741 0.913587 0.125660
-0.587681 0.809093 -0.000000
-0.558917 0.809093 -0.181603
-0.475444 0.809093 -0.345430
-0.345430 0.809093 -0.475444
-0.181603 0.809093 -0.558917
0.000000 0.809093 -0.587681
0.181603 0.809093 -0.558917
0.345430 0.809093 -0.475444
0.475444 0.809093 -0.345430
0.558917 0.809093 -0.181603
0.587681 0.809093 -0.000000
0.558917 0.809093 0.181603
0.475444 0.809093 0.345430
0.345430 0.809093 0.475444
0.181603 0.809093 0.558917
0.000000 0.809093 0.587681
-0.181603 0.809093 0.558917
-0.345430 0.809093 0.475444
-0.475444 0.809093 0.345430
-0.558917 0.809093 0.181603
-0.706687 0.669231 -0.229617
-0.743055 0.669231 0.000000
-0.601144 0.669231 -0.436757
-0.436757 0.669231 -0.601144
-0.229617 0.669231 -0.706687
0.000000 0.669231 -0.743055
0.229617 0.669231 -0.706687
0.436757 0.669231 -0.601144
0.601144 0.669231 -0.436757
0.706687 0.669231 -0.229617
0.743055 0.669231 0.000000
0.706687 0.669231 0.229617
0.601144 0.669231 0.436757
0.436757 0.669231 0.601144
0.229617 0.669231 0.706687
0.000000 0.669231 0.743055
-0.229617 0.669231 0.706687
-0.436757 0.669231 0.601144
-0.601144 0.669231 0.436757
-0.706687 0.669231 0.229617
-0.865967 0.500101 0.000000
-0.823584 0.500101 -0.267599
-0.700582 0.500101 -0.509003
-0.509003 0.500101 -0.700582
-0.267599 0.500101 -0.823584
0.000000 0.500101 -0.865967
0.267599 0.500101 -0.823584
0.509003 0.500101 -0.700582
0.700582 0.500101 -0.509003
0.823584 0.500101 -0.267599
0.865967 0.500101 0.000000
0.823584 0.500101 0.267599
0.700582 0.500101 0.509003
0.509003 0.500101 0.700582
0.267599 0.500101 0.823584
0.000000 0.500101 0.865967
-0.267599 0.500101 0.823584
-0.509003 0.500101 0.700582
-0.700582 0.500101 0.509003
-0.823584 0.500101 0.267599
-0.904485 0.309092 -0.293885
-0.951032 0.309092 0.000000
-0.769401 0.309092 -0.559003
-0.559003 0.309092 -0.769401
-0.293885 0.309092 -0.904485
-0.000000 0.309092 -0.951032
0.293885 0.309092 -0.904485
0.559003 0.309092 -0.769401
0.769401 0.309092 -0.559003
0.904485 0.309092 -0.293885
0.951032 0.309092 0.000000
0.904485 0.309092 0.293885
0.769401 0.309092 0.559003
0.559003 0.309092 0.769401
0.293885 0.309092 0.904485
0.000000 0.309092 0.951032
-0.293885 0.309092 0.904485
-0.559003 0.309092 0.769401
-0.769401 0.309092 0.559003
-0.904485 0.309092 0.293885
-0.994519 0.104556 -0.000000
-0.945844 0.104556 -0.307323
-0.804583 0.104556 -0.584564
-0.584564 0.104556 -0.804583
-0.307323 0.104556 -0.945844
0.000000 0.104556 -0.994519
0.307323 0.104556 -0.945844
0.584564 0.104556 -0.804583
0.804583 0.104556 -0.584564
0.945844 0.104556 -0.307323
0.994519 0.104556 -0.000000
0.945844 0.104556 0.307323
0.804583 0.104556 0.584564
0.584564 0.104556 0.804583
0.307323 0.104556 0.945844
0.000000 0.104556 0.994519
-0.307323 0.104556 0.945844
-0.584564 0.104556 0.804583
-0.804583 0.104556 0.584564
-0.945844 0.104556 0.307323
-0.945844 -0.104556 -0.307323
-0.994519 -0.104556 0.000000
-0.804583 -0.104556 -0.584564
-0.584564 -0.104556 -0.804583
-0.307323 -0.104556 -0.945844
-0.000000 -0.104556 -0.994519
0.307323 -0.104556 -0.945844
0.584564 -0.104556 -0.804583
0.804583 -0.104556 -0.584564
0.945844 -0.104556 -0.307323
0.994519 -0.104556 0.000000
0.945844 -0.104556 0.307323
0.804583 -0.104556 0.584564
0.584564 -0.104556 0.804583
0.307323 -0.104556 0.945844
0.000000 -0.104556 0.994519
-0.307323 -0.104556 0.945844
-0.584564 -0.104556 0.804583
-0.804583 -0.104556 0.584564
-0.945844 -0.104556 0.307323
-0.951032 -0.309092 -0.000000
-0.904485 -0.309092 -0.293885
-0.769401 -0.309092 -0.559003
-0.559003 -0.309092 -0.769401
-0.293885 -0.309092 -0.904485
0.000000 -0.309092 -0.951032
0.293885 -0.309092 -0.904485
0.559003 -0.309092 -0.769401
0.769401 -0.309092 -0.559003
0.904485 -0.309092 -0.293885
0.951032 -0.309092 -0.000000
0.904485 -0.309092 0.293885
0.769401 -0.309092 0.559003
0.559003 -0.309092 0.769401
0.293885 -0.309092 0.904485
0.000000 -0.309092 0.951032
-0.293885 -0.309092 0.904485
-0.559003 -0.309092 0.769401
-0.769401 -0.309092 0.559003
-0.904485 -0.309092 0.293885
-0.823584 -0.500101 -0.267599
-0.865967 -0.500101 0.000000
-0.700582 -0.500101 -0.509003
-0.509003 -0.500101 -0.700582
-0.267598 -0.500101 -0.823584
0.000000 -0.500101 -0.865967
0.267598 -0.500101 -0.823584
0.509003 -0.500101 -0.700582
0.700582 -0.500101 -0.509003
0.823584 -0.500101 -0.267599
0.865967 -0.500101 0.000000
0.823584 -0.500101 0.267599
0.700582 -0.500101 0.509003
0.509003 -0.500101 0.700582
0.267598 -0.500101 0.823584
0.000000 -0.500101 0.865967
-0.267598 -0.500101 0.823584
-0.509003 -0.500101 0.700582
-0.700582 -0.500101 0.509003
-0.823584 -0.500101 0.267599
-0.743055 -0.669231 0.000000
-0.706687 -0.669231 -0.229617
-0.601144 -0.669231 -0.436757
-0.436757 -0.669231 -0.601144
-0.229617 -0.669231 -0.706687
0.000000 -0.669231 -0.743055
0.229617 -0.669231 -0.706687
0.436757 -0.669231 -0.601144
0.601144 -0.669231 -0.436757
0.706687 -0.669231 -0.229617
0.743055 -0.669231 0.000000
0.706687 -0.669231 0.229617
0.601144 -0.669231 0.436757
0.436757 -0.669231 0.601144
0.229617 -0.669231 0.706687
0.000000 -0.669231 0.743055
-0.229617 -0.669231 0.706687
-0.436757 -0.669231 0.601144
-0.601144 -0.669231 0.436757
-0.706687 -0.669231 0.229617
-0.558918 -0.809093 -0.181603
-0.587681 -0.809093 0.000000
-0.475444 -0.809093 -0.345430
-0.345430 -0.809093 -0.475444
-0.181603 -0.809093 -0.558918
0.000000 -0.809093 -0.587681
0.181603 -0.809093 -0.558918
0.345430 -0.809093 -0.475444
0.475444 -0.809093 -0.345430
0.558918 -0.809093 -0.181603
0.587681 -0.809093 0.000000
0.558918 -0.809093 0.181603
0.475444 -0.809093 0.345430
0.345430 -0.809093 0.475444
0.181603 -0.809093 0.558918
0.000000 -0.809093 0.587681
-0.181603 -0.809093 0.558918
-0.345430 -0.809093 0.475444
-0.475444 -0.809093 0.345430
-0.558918 -0.809093 0.181603
-0.406644 -0.913587 0.000000
-0.386741 -0.913587 -0.125660
-0.328982 -0.913587 -0.239019
-0.239019 -0.913587 -0.328982
-0.125660 -0.913587 -0.386741
0.000000 -0.913587 -0.406644
0.125660 -0.913587 -0.386741
0.239019 -0.913587 -0.328982
0.328982 -0.913587 -0.239019
0.386741 -0.913587 -0.125660
0.406644 -0.913587 0.000000
0.386741 -0.913587 0.125660
0.328982 -0.913587 0.239019
0.239019 -0.913587 0.328982
0.125660 -0.913587 0.386741
0.000000 -0.913587 0.406644
-0.125660 -0.913587 0.386741
-0.239019 -0.913587 0.328982
-0.328982 -0.913587 0.239019
-0.386741 -0.913587 0.125660
560
0 0 1 2 0 1 2 1
0 3 4 5 3 4 5 1
0 6 0 7 6 0 2 1
0 4 8 9 4 7 5 1
0 10 6 11 8 6 2 1
0 8 12 13 7 9 5 1
0 14 10 15 10 8 2 1
0 12 16 17 9 11 5 1
0 18 14 19 12 10 2 1
0 16 20 21 11 13 5 1
0 22 18 23 14 12 2 1
0 20 24 25 13 15 5 1
0 26 22 27 16 14 2 1
0 24 28 29 15 17 5 1
0 30 26 31 18 16 2 1
0 28 32 33 17 19 5 1
0 34 30 35 20 18 2 1
0 32 36 37 19 21 5 1
0 38 34 39 22 20 2 1
0 36 40 41 21 23 5 1
0 42 38 43 24 22 2 1
0 40 44 45 23 25 5 1
0 46 42 47 26 24 2 1
0 44 48 49 25 27 5 1
0 50 46 51 28 26 2 1
0 48 52 53 27 29 5 1
0 54 50 55 30 28 2 1
0 52 56 57 29 31 5 1
0 58 54 59 32 30 2 1
0 56 60 61 31 33 5 1
0 62 58 63 34 32 2 1
0 60 64 65 33 35 5 1
0 66 62 67 36 34 2 1
0 64 68 69 35 37 5 1
0 70 66 71 38 36 2 1
0 68 72 73 37 39 5 1
0 74 70 75 40 38 2 1
0 72 76 77 39 41 5 1
0 78 74 79 1 40 2 1
0 76 80 81 41 3 5 1
0 82 83 1 42 43 1 1
0 0 82 1 0 42 1 1
0 6 82 0 6 42 0 1
0 6 84 82 6 44 42 1
0 85 84 6 45 44 6 1
0 10 85 6 8 45 6 1
0 14 85 10 10 45 8 1
0 14 86 85 10 46 45 1
0 87 86 14 47 46 10 1
0 18 87 14 12 47 10 1
0 22 87 18 14 47 12 1
0 22 88 87 14 48 47 1
0 89 88 22 49 48 14 1
0 26 89 22 16 49 14 1
0 30 89 26 18 49 16 1
0 30 90 89 18 50 49 1
0 91 90 30 51 50 18 1
0 34 91 30 20 51 18 1
0 38 91 34 22 51 20 1
0 38 92 91 22 52 51 1
0 93 92 38 53 52 22 1
0 42 93 38 24 53 22 1
0 46 93 42 26 53 24 1
0 46 94 93 26 54 53 1
0 95 94 46 55 54 26 1
0 50 95 46 28 55 26 1
0 54 95 50 30 55 28 1
0 54 96 95 30 56 55 1
0 97 96 54 57 56 30 1
0 58 97 54 32 57 30 1
0 62 97 58 34 57 32 1
0 62 98 97 34 58 57 1
0 99 98 62 59 58 34 1
0 66 99 62 36 59 34 1
0 70 99 66 38 59 36 1
0 70 100 99 38 60 59 1
0 101 100 70 61 60 38 1
0 74 101 70 40 61 38 1
0 78 101 74 1 61 40 1
0 78 102 101 1 43 61 1
0 82 103 83 42 62 43 1
0 82 104 103 42 63 62 1
0 105 104 82 64 63 42 1
0 84 105 82 44 64 42 1
0 85 105 84 45 64 44 1
0 85 106 105 45 65 64 1
0 107 106 85 66 65 45 1
0 86 107 85 46 66 45 1
0 87 107 86 47 66 46 1
0 87 108 107 47 67 66 1
0 109 108 87 68 67 47 1
0 88 109 87 48 68 47 1
0 89 109 88 49 68 48 1
0 89 110 109 49 69 68 1
0 111 110 89 70 69 49 1
0 90 111 89 50 70 49 1
0 91 111 90 51 70 50 1
0 91 112 111 51 71 70 1
0 113 112 91 72 71 51 1
0 92 113 91 52 72 51 1
0 93 113 92 53 72 52 1
0 93 114 113 53 73 72 1
0 115 114 93 74 73 53 1
0 94 115 93 54 74 53 1
0 95 115 94 55 74 54 1
0 95 116 115 55 75 74 1
0 117 116 95 76 75 55 1
0 96 117 95 56 76 55 1
0 97 117 96 57 76 56 1
0 97 118 117 57 77 76 1
0 119 118 97 78 77 57 1
0 98 119 97 58 78 57 1
0 99 119 98 59 78 58 1
0 99 120 119 59 79 78 1
0 121 120 99 80 79 59 1
0 100 121 99 60 80 59 1
0 101 121 100 61 80 60 1
0 101 122 121 61 81 80 1
0 123 122 101 62 81 61 1
0 102 123 101 43 62 61 1
0 124 125 103 82 83 62 1
0 104 124 103 63 82 62 1
0 105 124 104 64 82 63 1
0 105 126 124 64 84 82 1
0 127 126 105 85 84 64 1
0 106 127 105 65 85 64 1
0 107 127 106 66 85 65 1
0 107 128 127 66 86 85 1
0 129 128 107 87 86 66 1
0 108 129 107 67 87 66 1
0 109 129 108 68 87 67 1
0 109 130 129 68 88 87 1
0 131 130 109 89 88 68 1
0 110 131 109 69 89 68 1
0 111 131 110 70 89 69 1
0 111 132 131 70 90 89 1
0 133 132 111 91 90 70 1
0 112 133 111 71 91 70 1
0 113 133 112 72 91 71 1
0 113 134 133 72 92 91 1
0 135 134 113 93 92 72 1
0 114 135 113 73 93 72 1
0 115 135 114 74 93 73 1
0 115 136 135 74 94 93 1
0 137 136 115 95 94 74 1
0 116 137 115 75 95 74 1
0 117 137 116 76 95 75 1
0 117 138 137 76 96 95 1
0 139 138 117 97 96 76 1
0 118 139 117 77 97 76 1
0 119 139 118 78 97 77 1
0 119 140 139 78 98 97 1
0 141 140 119 99 98 78 1
0 120 141 119 79 99 78 1
0 121 141 120 80 99 79 1
0 121 142 141 80 100 99 1
0 143 142 121 101 100 80 1
0 122 143 121 81 101 80 1
0 123 143 122 62 101 81 1
0 123 144 143 62 83 101 1
0 124 145 125 82 102 83 1
0 124 146 145 82 103 102 1
0 147 146 124 104 103 82 1
0 126 147 124 84 104 82 1
0 127 147 126 85 104 84 1
0 127 148 147 85 105 104 1
0 149 148 127 106 105 85 1
0 128 149 127 86 106 85 1
0 129 149 128 87 106 86 1
0 129 150 149 87 107 106 1
0 151 150 129 108 107 87 1
0 130 151 129 88 108 87 1
0 131 151 130 89 108 88 1
0 131 152 151 89 109 108 1
0 153 152 131 110 109 89 1
0 132 153 131 90 110 89 1
0 133 153 132 91 110 90 1
0 133 154 153 91 111 110 1
0 155 154 133 112 111 91 1
0 134 155 133 92 112 91 1
0 135 155 134 93 112 92 1
0 135 156 155 93 113 112 1
0 157 156 135 114 113 93 1
0 136 157 135 94 114 93 1
0 137 157 136 95 114 94 1
0 137 158 157 95 115 114 1
0 159 158 137 116 115 95 1
0 138 159 137 96 116 95 1
0 139 159 138 97 116 96 1
0 139 160 159 97 117 116 1
0 161 160 139 118 117 97 1
0 140 161 139 98 118 97 1
0 141 161 140 99 118 98 1
0 141 162 161 99 119 118 1
0 163 162 141 120 119 99 1
0 142 163 141 100 120 99 1
0 143 163 142 101 120 100 1
0 143 164 163 101 121 120 1
0 165 164 143 102 121 101 1
0 144 165 143 83 102 101 1
0 166 167 145 122 123 102 1
0 146 166 145 103 122 102 1
0 147 166 146 104 122 103 1
0 147 168 166 104 124 122 1
0 169 168 147 125 124 104 1
0 148 169 147 105 125 104 1
0 149 169 148 106 125 105 1
0 149 170 169 106 126 125 1
0 171 170 149 127 126 106 1
0 150 171 149 107 127 106 1
0 151 171 150 108 127 107 1
0 151 172 171 108 128 127 1
0 173 172 151 129 128 108 1
0 152 173 151 109 129 108 1
0 153 173 152 110 129 109 1
0 153 174 173 110 130 129 1
0 175 174 153 131 130 110 1
0 154 175 153 111 131 110 1
0 155 175 154 112 131 111 1
0 155 176 175 112 132 131 1
0 177 176 155 133 132 112 1
0 156 177 155 113 133 112 1
0 157 177 156 114 133 113 1
0 157 178 177 114 134 133 1
0 179 178 157 135 134 114 1
0 158 179 157 115 135 114 1
0 159 179 158 116 135 115 1
0 159 180 179 116 136 135 1
0 181 180 159 137 136 116 1
0 160 181 159 117 137 116 1
0 161 181 160 118 137 117 1
0 161 182 181 118 138 137 1
0 183 182 161 139 138 118 1
0 162 183 161 119 139 118 1
0 163 183 162 120 139 119 1
0 163 184 183 120 140 139 1
0 185 184 163 141 140 120 1
0 164 185 163 121 141 120 1
0 165 185 164 102 141 121 1
0 165 186 185 102 123 141 1
0 166 187 167 122 142 123 1
0 166 188 187 122 143 142 1
0 189 188 166 144 143 122 1
0 168 189 166 124 144 122 1
0 169 189 168 125 144 124 1
0 169 190 189 125 145 144 1
0 191 190 169 146 145 125 1
0 170 191 169 126 146 125 1
0 171 191 170 127 146 126 1
0 171 192 191 127 147 146 1
0 193 192 171 148 147 127 1
0 172 193 171 128 148 127 1
0 173 193 172 129 148 128 1
0 173 194 193 129 149 148 1
0 195 194 173 150 149 129 1
0 174 195 173 130 150 129 1
0 175 195 174 131 150 130 1
0 175 196 195 131 151 150 1
0 197 196 175 152 151 131 1
0 176 197 175 132 152 131 1
0 177 197 176 133 152 132 1
0 177 198 197 133 153 152 1
0 199 198 177 154 153 133 1
0 178 199 177 134 154 133 1
0 179 199 178 135 154 134 1
0 179 200 199 135 155 154 1
0 201 200 179 156 155 135 1
0 180 201 179 136 156 135 1
0 181 201 180 137 156 136 1
0 181 202 201 137 157 156 1
0 203 202 181 158 157 137 1
0 182 203 181 138 158 137 1
0 183 203 182 139 158 138 1
0 183 204 203 139 159 158 1
0 205 204 183 160 159 139 1
0 184 205 183 140 160 139 1
0 185 205 184 141 160 140 1
0 185 206 205 141 161 160 1
0 207 206 185 142 161 141 1
0 186 207 185 123 142 141 1
0 208 209 187 162 163 142 1
0 188 208 187 143 162 142 1
0 189 208 188 144 162 143 1
0 189 210 208 144 164 162 1
0 211 210 189 165 164 144 1
0 190 211 189 145 165 144 1
0 191 211 190 146 165 145 1
0 191 212 211 146 166 165 1
0 213 212 191 167 166 146 1
0 192 213 191 147 167 146 1
0 193 213 192 148 167 147 1
0 193 214 213 148 168 167 1
0 215 214 193 169 168 148 1
0 194 215 193 149 169 148 1
0 195 215 194 150 169 149 1
0 195 216 215 150 170 169 1
0 217 216 195 171 170 150 1
0 196 217 195 151 171 150 1
0 197 217 196 152 171 151 1
0 197 218 217 152 172 171 1
0 219 218 197 173 172 152 1
0 198 219 197 153 173 152 1
0 199 219 198 154 173 153 1
0 199 220 219 154 174 173 1
0 221 220 199 175 174 154 1
0 200 221 199 155 175 154 1
0 201 221 200 156 175 155 1
0 201 222 221 156 176 175 1
0 223 222 201 177 176 156 1
0 202 223 201 157 177 156 1
0 203 223 202 158 177 157 1
0 203 224 223 158 178 177 1
0 225 224 203 179 178 158 1
0 204 225 203 159 179 158 1
0 205 225 204 160 179 159 1
0 205 226 225 160 180 179 1
0 227 226 205 181 180 160 1
0 206 227 205 161 181 160 1
0 207 227 206 142 181 161 1
0 207 228 227 142 163 181 1
0 208 229 209 162 182 163 1
0 208 230 229 162 183 182 1
0 231 230 208 184 183 162 1
0 210 231 208 164 184 162 1
0 211 231 210 165 184 164 1
0 211 232 231 165 185 184 1
0 233 232 211 186 185 165 1
0 212 233 211 166 186 165 1
0 213 233 212 167 186 166 1
0 213 234 233 167 187 186 1
0 235 234 213 188 187 167 1
0 214 235 213 168 188 167 1
0 215 235 214 169 188 168 1
0 215 236 235 169 189 188 1
0 237 236 215 190 189 169 1
0 216 237 215 170 190 169 1
0 217 237 216 171 190 170 1
0 217 238 237 171 191 190 1
0 239 238 217 192 191 171 1
0 218 239 217 172 192 171 1
0 219 239 218 173 192 172 1
0 219 240 239 173 193 192 1
0 241 240 219 194 193 173 1
0 220 241 219 174 194 173 1
0 221 241 220 175 194 174 1
0 221 242 241 175 195 194 1
0 243 242 221 196 195 175 1
0 222 243 221 176 196 175 1
0 223 243 222 177 196 176 1
0 223 244 243 177 197 196 1
0 245 244 223 198 197 177 1
0 224 245 223 178 198 177 1
0 225 245 224 179 198 178 1
0 225 246 245 179 199 198 1
0 247 246 225 200 199 179 1
0 226 247 225 180 200 179 1
0 227 247 226 181 200 180 1
0 227 248 247 181 201 200 1
0 249 248 227 182 201 181 1
0 228 249 227 163 182 181 1
0 250 251 229 202 203 182 1
0 230 250 229 183 202 182 1
0 231 250 230 184 202 183 1
0 231 252 250 184 204 202 1
0 253 252 231 205 204 184 1
0 232 253 231 185 205 184 1
0 233 253 232 186 205 185 1
0 233 254 253 186 206 205 1
0 255 254 233 207 206 186 1
0 234 255 233 187 207 186 1
0 235 255 234 188 207 187 1
0 235 256 255 188 208 207 1
0 257 256 235 209 208 188 1
0 236 257 235 189 209 188 1
0 237 257 236 190 209 189 1
0 237 258 257 190 210 209 1
0 259 258 237 211 210 190 1
0 238 259 237 191 211 190 1
0 239 259 238 192 211 191 1
0 239 260 259 192 212 211 1
0 261 260 239 213 212 192 1
0 240 261 239 193 213 192 1
0 241 261 240 194 213 193 1
0 241 262 261 194 214 213 1
0 263 262 241 215 214 194 1
0 242 263 241 195 215 194 1
0 243 263 242 196 215 195 1
0 243 264 263 196 216 215 1
0 265 264 243 217 216 196 1
0 244 265 243 197 217 196 1
0 245 265 244 198 217 197 1
0 245 266 265 198 218 217 1
0 267 266 245 219 218 198 1
0 246 267 245 199 219 198 1
0 247 267 246 200 219 199 1
0 247 268 267 200 220 219 1
0 269 268 247 221 220 200 1
0 248 269 247 201 221 200 1
0 249 269 248 182 221 201 1
0 249 270 269 182 203 221 1
0 250 271 251 202 222 203 1
0 250 272 271 202 223 222 1
0 273 272 250 224 223 202 1
0 252 273 250 204 224 202 1
0 253 273 252 205 224 204 1
0 253 274 273 205 225 224 1
0 275 274 253 226 225 205 1
0 254 275 253 206 226 205 1
0 255 275 254 207 226 206 1
0 255 276 275 207 227 226 1
0 277 276 255 228 227 207 1
0 256 277 255 208 228 207 1
0 257 277 256 209 228 208 1
0 257 278 277 209 229 228 1
0 279 278 257 230 229 209 1
0 258 279 257 210 230 209 1
0 259 279 258 211 230 210 1
0 259 280 279 211 231 230 1
0 281 280 259 232 231 211 1
0 260 281 259 212 232 211 1
0 261 281 260 213 232 212 1
0 261 282 281 213 233 232 1
0 283 282 261 234 233 213 1
0 262 283 261 214 234 213 1
0 263 283 262 215 234 214 1
0 263 284 283 215 235 234 1
0 285 284 263 236 235 215 1
0 264 285 263 216 236 215 1
0 265 285 264 217 236 216 1
0 265 286 285 217 237 236 1
0 287 286 265 238 237 217 1
0 266 287 265 218 238 217 1
0 267 287 266 219 238 218 1
0 267 288 287 219 239 238 1
0 289 288 267 240 239 219 1
0 268 289 267 220 240 219 1
0 269 289 268 221 240 220 1
0 269 290 289 221 241 240 1
0 291 290 269 222 241 221 1
0 270 291 269 203 222 221 1
0 292 293 271 242 243 222 1
0 272 292 271 223 242 222 1
0 273 292 272 224 242 223 1
0 273 294 292 224 244 242 1
0 295 294 273 245 244 224 1
0 274 295 273 225 245 224 1
0 275 295 274 226 245 225 1
0 275 296 295 226 246 245 1
0 297 296 275 247 246 226 1
0 276 297 275 227 247 226 1
0 277 297 276 228 247 227 1
0 277 298 297 228 248 247 1
0 299 298 277 249 248 228 1
0 278 299 277 229 249 228 1
0 279 299 278 230 249 229 1
0 279 300 299 230 250 249 1
0 301 300 279 251 250 230 1
0 280 301 279 231 251 230 1
0 281 301 280 232 251 231 1
0 281 302 301 232 252 251 1
0 303 302 281 253 252 232 1
0 282 303 281 233 253 232 1
0 283 303 282 234 253 233 1
0 283 304 303 234 254 253 1
0 305 304 283 255 254 234 1
0 284 305 283 235 255 234 1
0 285 305 284 236 255 235 1
0 285 306 305 236 256 255 1
0 307 306 285 257 256 236 1
0 286 307 285 237 257 236 1
0 287 307 286 238 257 237 1
0 287 308 307 238 258 257 1
0 309 308 287 259 258 238 1
0 288 309 287 239 259 238 1
0 289 309 288 240 259 239 1
0 289 310 309 240 260 259 1
0 311 310 289 261 260 240 1
0 290 311 289 241 261 240 1
0 291 311 290 222 261 241 1
0 291 312 311 222 243 261 1
0 292 313 293 242 262 243 1
0 292 314 313 242 263 262 1
0 315 314 292 264 263 242 1
0 294 315 292 244 264 242 1
0 295 315 294 245 264 244 1
0 295 316 315 245 265 264 1
0 317 316 295 266 265 245 1
0 296 317 295 246 266 245 1
0 297 317 296 247 266 246 1
0 297 318 317 247 267 266 1
0 319 318 297 268 267 247 1
0 298 319 297 248 268 247 1
0 299 319 298 249 268 248 1
0 299 320 319 249 269 268 1
0 321 320 299 270 269 249 1
0 300 321 299 250 270 249 1
0 301 321 300 251 270 250 1
0 301 322 321 251 271 270 1
0 323 322 301 272 271 251 1
0 302 323 301 252 272 251 1
0 303 323 302 253 272 252 1
0 303 324 323 253 273 272 1
0 325 324 303 274 273 253 1
0 304 325 303 254 274 253 1
0 305 325 304 255 274 254 1
0 305 326 325 255 275 274 1
0 327 326 305 276 275 255 1
0 306 327 305 256 276 255 1
0 307 327 306 257 276 256 1
0 307 328 327 257 277 276 1
0 329 328 307 278 277 257 1
0 308 329 307 258 278 257 1
0 309 329 308 259 278 258 1
0 309 330 329 259 279 278 1
0 331 330 309 280 279 259 1
0 310 331 309 260 280 259 1
0 311 331 310 261 280 260 1
0 311 332 331 261 281 280 1
0 333 332 311 262 281 261 1
0 312 333 311 243 262 261 1
0 4 3 313 4 3 262 1
0 314 4 313 263 4 262 1
0 315 4 314 264 4 263 1
0 315 8 4 264 7 4 1
0 12 8 315 9 7 264 1
0 316 12 315 265 9 264 1
0 317 12 316 266 9 265 1
0 317 16 12 266 11 9 1
0 20 16 317 13 11 266 1
0 318 20 317 267 13 266 1
0 319 20 318 268 13 267 1
0 319 24 20 268 15 13 1
0 28 24 319 17 15 268 1
0 320 28 319 269 17 268 1
0 321 28 320 270 17 269 1
0 321 32 28 270 19 17 1
0 36 32 321 21 19 270 1
0 322 36 321 271 21 270 1
0 323 36 322 272 21 271 1
0 323 40 36 272 23 21 1
0 44 40 323 25 23 272 1
0 324 44 323 273 25 272 1
0 325 44 324 274 25 273 1
0 325 48 44 274 27 25 1
0 52 48 325 29 27 274 1
0 326 52 325 275 29 274 1
0 327 52 326 276 29 275 1
0 327 56 52 276 31 29 1
0 60 56 327 33 31 276 1
0 328 60 327 277 33 276 1
0 329 60 328 278 33 277 1
0 329 64 60 278 35 33 1
0 68 64 329 37 35 278 1
0 330 68 329 279 37 278 1
0 331 68 330 280 37 279 1
0 331 72 68 280 39 37 1
0 76 72 331 41 39 280 1
0 332 76 331 281 41 280 1
0 333 76 332 262 41 281 1
0 333 80 76 262 3 41 1

Materials: 3
"Ball"
0.200000 0.200000 0.200000 1.000000
0.800000 0.800000 0.800000 1.000000
0.000000 0.000000 0.000000 1.000000
0.000000 0.000000 0.000000 1.000000
0.000000
1.000000
".\Ball.png"
""
"Innard"
0.200000 0.200000 0.200000 1.000000
0.800000 0.800000 0.800000 1.000000
0.000000 0.000000 0.000000 1.000000
0.000000 0.000000 0.000000 1.000000
0.000000
1.000000
".\Innard01.png"
""
"Innard2"
0.200000 0.200000 0.200000 1.000000
0.800000 0.800000 0.800000 1.000000
0.000000 0.000000 0.000000 1.000000
0.000000 0.000000 0.000000 1.000000
0.000000
1.000000
".\Innard02v2.png"
""

Bones: 0
GroupComments: 0
MaterialComments: 0
BoneComments: 0
ModelComment: 0
