// MilkShape 3D ASCII

Frames: 30
Frame: 1

Meshes: 1
"Line" 0 0
96
0 53.335125 -2.353416 8.447433 0.375760 0.988317 -1
0 53.999954 2.520083 -0.000029 0.477344 0.013476 -1
0 53.999954 -2.353416 -0.000029 0.477344 0.988317 -1
0 53.335125 2.520083 8.447433 0.375760 0.013476 -1
0 51.357006 2.520083 16.686888 0.286675 0.013476 -1
0 51.357006 -2.353416 16.686888 0.286675 0.988317 -1
0 48.114307 -2.353416 24.515459 0.197591 0.988317 -1
0 48.114307 2.520083 24.515459 0.197591 0.013476 -1
0 43.686871 2.520083 31.740376 0.112413 0.013476 -1
0 43.686871 -2.353416 31.740376 0.112413 0.988317 -1
0 38.183720 -2.353416 38.183743 0.037392 0.988317 -1
0 38.183720 2.520083 38.183743 0.037392 0.013476 -1
0 31.740353 2.520083 43.686893 0.200651 0.013477 -1
0 38.183720 2.520083 38.183743 0.002235 0.013477 -1
0 38.183720 -2.353416 38.183743 0.002235 0.988317 -1
0 31.740353 -2.353416 43.686893 0.200651 0.988317 -1
0 24.515440 -2.353416 48.114330 0.400630 0.988317 -1
0 24.515440 2.520083 48.114330 0.400630 0.013477 -1
0 16.686871 2.520083 51.357029 0.600608 0.013477 -1
0 16.686871 -2.353416 51.357029 0.600608 0.988317 -1
0 8.447414 -2.353416 53.335148 0.800586 0.988317 -1
0 8.447414 2.520083 53.335148 0.800586 0.013477 -1
0 -0.000046 2.520083 53.999977 0.997439 0.013477 -1
0 -0.000046 -2.353416 53.999977 0.997439 0.988317 -1
0 -8.447506 -2.353416 53.335148 0.797418 0.988317 -1
0 -0.000046 2.520083 53.999977 0.997440 0.013476 -1
0 -0.000046 -2.353416 53.999977 0.997440 0.988317 -1
0 -8.447506 2.520083 53.335148 0.797418 0.013476 -1
0 -16.686962 2.520083 51.357029 0.598959 0.013476 -1
0 -16.686962 -2.353416 51.357029 0.598959 0.988317 -1
0 -24.515532 -2.353416 48.114330 0.400500 0.988317 -1
0 -24.515532 2.520083 48.114330 0.400500 0.013476 -1
0 -31.740448 2.520083 43.686893 0.202041 0.013476 -1
0 -31.740448 -2.353416 43.686893 0.202041 0.988316 -1
0 -38.183811 -2.353416 38.183743 0.002018 0.988316 -1
0 -38.183811 2.520083 38.183743 0.002018 0.013476 -1
0 -43.686962 2.520083 31.740376 0.109809 0.013477 -1
0 -38.183811 2.520083 38.183743 0.037175 0.013477 -1
0 -38.183811 -2.353416 38.183743 0.037175 0.988317 -1
0 -43.686962 -2.353416 31.740376 0.109809 0.988317 -1
0 -48.114399 -2.353416 24.515459 0.196506 0.988317 -1
0 -48.114399 2.520083 24.515459 0.196506 0.013477 -1
0 -51.357098 2.520083 16.686888 0.287110 0.013477 -1
0 -51.357098 -2.353416 16.686888 0.287110 0.988317 -1
0 -53.335217 -2.353416 8.447433 0.377713 0.988317 -1
0 -53.335217 2.520083 8.447433 0.377713 0.013477 -1
0 -54.000046 2.520083 -0.000029 0.478473 0.013477 -1
0 -54.000046 -2.353416 -0.000029 0.478473 0.988317 -1
0 -53.335217 -2.353416 -8.447488 0.375326 0.988317 -1
0 -54.000046 2.520083 -0.000029 0.477692 0.013477 -1
0 -54.000046 -2.353416 -0.000029 0.477692 0.988317 -1
0 -53.335217 2.520083 -8.447488 0.375326 0.013477 -1
0 -51.357098 2.520083 -16.686945 0.286242 0.013477 -1
0 -51.357098 -2.353416 -16.686945 0.286242 0.988317 -1
0 -48.114399 -2.353416 -24.515512 0.197158 0.988317 -1
0 -48.114399 2.520083 -24.515512 0.197158 0.013477 -1
0 -43.686962 2.520083 -31.740431 0.111980 0.013477 -1
0 -43.686962 -2.353416 -31.740431 0.111980 0.988317 -1
0 -38.183811 -2.353416 -38.183788 0.036958 0.988317 -1
0 -38.183811 2.520083 -38.183788 0.036958 0.013477 -1
0 -31.740448 2.520083 -43.686939 5.199437 0.013477 -1
0 -38.183811 2.520083 -38.183788 5.001801 0.013477 -1
0 -38.183811 -2.353416 -38.183788 5.001801 0.988317 -1
0 -31.740448 -2.353416 -43.686939 5.199437 0.988317 -1
0 -24.515532 -2.353416 -48.114376 5.399415 0.988317 -1
0 -24.515532 2.520083 -48.114376 5.399415 0.013477 -1
0 -16.686962 2.520083 -51.357075 5.599394 0.013477 -1
0 -16.686962 -2.353416 -51.357075 5.599394 0.988317 -1
0 -8.447506 -2.353416 -53.335194 5.799371 0.988317 -1
0 -8.447506 2.520083 -53.335194 5.799371 0.013477 -1
0 -0.000046 2.520083 -54.000023 5.999350 0.013477 -1
0 -0.000046 -2.353416 -54.000023 5.999350 0.988317 -1
0 8.447414 -2.353416 -53.335194 0.796986 0.988317 -1
0 -0.000046 2.520083 -54.000023 0.997008 0.013477 -1
0 -0.000046 -2.353416 -54.000023 0.997008 0.988317 -1
0 8.447414 2.520083 -53.335194 0.796986 0.013477 -1
0 16.686871 2.520083 -51.357075 0.598527 0.013477 -1
0 16.686871 -2.353416 -51.357075 0.598527 0.988317 -1
0 24.515440 -2.353416 -48.114376 0.400068 0.988317 -1
0 24.515440 2.520083 -48.114376 0.400068 0.013477 -1
0 31.740353 2.520083 -43.686939 0.201608 0.013477 -1
0 31.740353 -2.353416 -43.686939 0.201608 0.988318 -1
0 38.183720 -2.353416 -38.183788 0.001588 0.988317 -1
0 38.183720 2.520083 -38.183788 0.001588 0.013477 -1
0 43.686871 2.520083 -31.740431 0.109376 0.013477 -1
0 38.183720 2.520083 -38.183788 0.036743 0.013477 -1
0 38.183720 -2.353416 -38.183788 0.036743 0.988317 -1
0 43.686871 -2.353416 -31.740431 0.109376 0.988317 -1
0 48.114307 -2.353416 -24.515512 0.196075 0.988317 -1
0 48.114307 2.520083 -24.515512 0.196075 0.013477 -1
0 51.357006 2.520083 -16.686945 0.286676 0.013477 -1
0 51.357006 -2.353416 -16.686945 0.286676 0.988317 -1
0 53.335125 -2.353416 -8.447488 0.377281 0.988317 -1
0 53.335125 2.520083 -8.447488 0.377281 0.013477 -1
0 53.999954 2.520083 -0.000029 0.478040 0.013477 -1
0 53.999954 -2.353416 -0.000029 0.478040 0.988317 -1
53
-0.987688 0.000000 -0.156434
-1.000000 0.000000 0.000000
-0.987688 0.000000 -0.156434
-0.951057 0.000000 -0.309017
-0.891007 0.000000 -0.453990
-0.891007 0.000000 -0.453991
-0.809017 0.000000 -0.587785
-0.809017 0.000000 -0.587785
-0.707107 0.000000 -0.707107
-0.587785 0.000000 -0.809017
-0.453991 0.000000 -0.891006
-0.309017 0.000000 -0.951057
-0.309017 0.000000 -0.951057
-0.156434 0.000000 -0.987688
0.000000 0.000000 -1.000000
0.156434 0.000000 -0.987688
0.156434 0.000000 -0.987688
0.309017 0.000000 -0.951057
0.453991 0.000000 -0.891006
0.587785 0.000000 -0.809017
0.707107 0.000000 -0.707107
0.809017 0.000000 -0.587785
0.891007 0.000000 -0.453991
0.891007 0.000000 -0.453991
0.951057 0.000000 -0.309017
0.987688 0.000000 -0.156434
1.000000 0.000000 0.000000
0.987688 0.000000 0.156434
0.987688 0.000000 0.156434
0.951057 0.000000 0.309017
0.891006 0.000000 0.453991
0.809017 0.000000 0.587785
0.707107 0.000000 0.707107
0.587785 0.000000 0.809017
0.453991 0.000000 0.891006
0.309017 0.000000 0.951057
0.309017 0.000000 0.951057
0.156434 0.000000 0.987688
0.000000 0.000000 1.000000
-0.156434 0.000000 0.987688
-0.156434 0.000000 0.987688
-0.309017 0.000000 0.951057
-0.453991 0.000000 0.891006
-0.587785 0.000000 0.809017
-0.587785 0.000000 0.809017
-0.707107 0.000000 0.707107
-0.809017 0.000000 0.587785
-0.809017 0.000000 0.587785
-0.891007 0.000000 0.453991
-0.891006 0.000000 0.453991
-0.951057 0.000000 0.309017
-0.951057 0.000000 0.309017
-0.987688 0.000000 0.156434
80
0 0 1 2 0 1 1 1
0 0 3 1 0 2 1 1
0 4 3 0 3 2 0 1
0 5 4 0 3 3 0 1
0 6 4 5 4 3 3 1
0 6 7 4 4 5 3 1
0 8 7 6 6 5 4 1
0 9 8 6 7 6 4 1
0 10 8 9 8 6 7 1
0 10 11 8 8 8 6 1
0 12 13 14 9 8 8 1
0 15 12 14 9 9 8 1
0 16 12 15 10 9 9 1
0 16 17 12 10 10 9 1
0 18 17 16 11 10 10 1
0 19 18 16 12 11 10 1
0 20 18 19 13 11 12 1
0 20 21 18 13 13 11 1
0 22 21 20 14 13 13 1
0 23 22 20 14 14 13 1
0 24 25 26 15 14 14 1
0 24 27 25 15 16 14 1
0 28 27 24 17 16 15 1
0 29 28 24 17 17 15 1
0 30 28 29 18 17 17 1
0 30 31 28 18 18 17 1
0 32 31 30 19 18 18 1
0 33 32 30 19 19 18 1
0 34 32 33 20 19 19 1
0 34 35 32 20 20 19 1
0 36 37 38 21 20 20 1
0 39 36 38 21 21 20 1
0 40 36 39 22 21 21 1
0 40 41 36 22 23 21 1
0 42 41 40 24 23 22 1
0 43 42 40 24 24 22 1
0 44 42 43 25 24 24 1
0 44 45 42 25 25 24 1
0 46 45 44 26 25 25 1
0 47 46 44 26 26 25 1
0 48 49 50 27 26 26 1
0 48 51 49 27 28 26 1
0 52 51 48 29 28 27 1
0 53 52 48 29 29 27 1
0 54 52 53 30 29 29 1
0 54 55 52 30 30 29 1
0 56 55 54 31 30 30 1
0 57 56 54 31 31 30 1
0 58 56 57 32 31 31 1
0 58 59 56 32 32 31 1
0 60 61 62 33 32 32 1
0 63 60 62 33 33 32 1
0 64 60 63 34 33 33 1
0 64 65 60 34 34 33 1
0 66 65 64 35 34 34 1
0 67 66 64 36 35 34 1
0 68 66 67 37 35 36 1
0 68 69 66 37 37 35 1
0 70 69 68 38 37 37 1
0 71 70 68 38 38 37 1
0 72 73 74 39 38 38 1
0 72 75 73 39 40 38 1
0 76 75 72 41 40 39 1
0 77 76 72 41 41 39 1
0 78 76 77 42 41 41 1
0 78 79 76 42 42 41 1
0 80 79 78 43 42 42 1
0 81 80 78 44 43 42 1
0 82 80 81 45 43 44 1
0 82 83 80 45 45 43 1
0 84 85 86 46 45 45 1
0 87 84 86 47 46 45 1
0 88 84 87 48 46 47 1
0 88 89 84 48 49 46 1
0 90 89 88 50 49 48 1
0 91 90 88 51 50 48 1
0 92 90 91 52 50 51 1
0 92 93 90 52 52 50 1
0 94 93 92 1 52 52 1
0 95 94 92 1 1 52 1

Materials: 1
"TexLine"
0.200000 0.200000 0.200000 1.000000
0.800000 0.800000 0.800000 1.000000
0.000000 0.000000 0.000000 1.000000
0.000000 0.000000 0.000000 1.000000
0.000000
1.000000
"TexLine.png"
""

Bones: 0
GroupComments: 0
MaterialComments: 0
BoneComments: 0
ModelComment: 0
